#! FIELDS time fragment_position.x fragment_position.y fragment_position.z metad_position.bias wall_lower.bias wall_upper.bias
 0.000000 5.077540 7.494030 3.637163 0.000000 0.000000 0.000000
 0.020000 5.080074 7.491562 3.632814 0.000000 0.000000 0.000000
 0.040000 5.083420 7.502580 3.632329 0.000000 0.000000 0.000000
 0.060000 5.092196 7.504025 3.627584 0.000000 0.000000 0.000000
 0.080000 5.098414 7.506010 3.624180 0.000000 0.000000 0.000000
 0.100000 5.105197 7.510730 3.615234 0.000000 0.000000 0.000000
 0.120000 5.106261 7.515316 3.612728 0.000000 0.000000 0.000000
 0.140000 5.113825 7.522030 3.608601 0.000000 0.000000 0.000000
 0.160000 5.112542 7.526161 3.595777 0.000000 0.000000 0.000000
 0.180000 5.114428 7.531201 3.588154 0.000000 0.000000 0.000000
 0.200000 5.116811 7.543223 3.582961 0.000000 0.000000 0.000000
 0.220000 5.122775 7.546290 3.575231 0.000000 0.000000 0.000000
 0.240000 5.124345 7.554062 3.570841 0.000000 0.000000 0.000000
 0.260000 5.125194 7.560673 3.566260 0.000000 0.000000 0.000000
 0.280000 5.128813 7.572100 3.570456 0.000000 0.000000 0.000000
 0.300000 5.132691 7.579731 3.575463 0.000000 0.000000 0.000000
 0.320000 5.129139 7.578300 3.574671 0.000000 0.000000 0.000000
 0.340000 5.129806 7.589040 3.582460 0.000000 0.000000 0.000000
 0.360000 5.132536 7.600850 3.589760 0.000000 0.000000 0.000000
 0.380000 5.131992 7.602862 3.592755 0.000000 0.000000 0.000000
 0.400000 5.131212 7.608327 3.593622 0.000000 0.000000 0.000000
 0.420000 5.131907 7.615904 3.590330 0.000000 0.000000 0.000000
 0.440000 5.137670 7.621263 3.589043 0.000000 0.000000 0.000000
 0.460000 5.137875 7.623887 3.583338 0.000000 0.000000 0.000000
 0.480000 5.134734 7.621086 3.578992 0.000000 0.000000 0.000000
 0.500000 5.137110 7.630389 3.575872 0.000000 0.000000 0.000000
 0.520000 5.140989 7.635638 3.571869 0.000000 0.000000 0.000000
 0.540000 5.140080 7.635279 3.569351 0.000000 0.000000 0.000000
 0.560000 5.138912 7.639089 3.563094 0.000000 0.000000 0.000000
 0.580000 5.140116 7.649165 3.560680 0.000000 0.000000 0.000000
 0.600000 5.145300 7.657243 3.559032 0.000000 0.000000 0.000000
 0.620000 5.142689 7.659038 3.550573 0.000000 0.000000 0.000000
 0.640000 5.140706 7.660053 3.547974 0.000000 0.000000 0.000000
 0.660000 5.145584 7.674148 3.543979 0.000000 0.000000 0.000000
 0.680000 5.146850 7.677003 3.534519 0.000000 0.000000 0.000000
 0.700000 5.143641 7.680945 3.535868 0.000000 0.000000 0.000000
 0.720000 5.146438 7.685971 3.533303 0.000000 0.000000 0.000000
 0.740000 5.148505 7.694943 3.529541 0.000000 0.000000 0.000000
 0.760000 5.153927 7.698992 3.526764 0.000000 0.000000 0.000000
 0.780000 5.149689 7.697758 3.522388 0.000000 0.000000 0.000000
 0.800000 5.152415 7.700398 3.522595 0.000000 0.000000 0.000000
 0.820000 5.158161 7.710853 3.519302 0.000000 0.000000 0.000000
 0.840000 5.155533 7.707002 3.519788 0.000000 0.000000 0.000000
 0.860000 5.154071 7.707329 3.521101 0.000000 0.000000 0.000000
 0.880000 5.154176 7.709358 3.525227 0.000000 0.000000 0.000000
 0.900000 5.155263 7.712841 3.529888 0.000000 0.000000 0.000000
 0.920000 5.154282 7.711901 3.533515 0.000000 0.000000 0.000000
 0.940000 5.148279 7.709252 3.543827 0.000000 0.000000 0.000000
 0.960000 5.151803 7.712735 3.545119 0.000000 0.000000 0.000000
 0.980000 5.154091 7.716175 3.541549 0.000000 0.000000 0.000000
 1.000000 5.152022 7.711288 3.546289 0.000000 0.000000 0.000000
 1.020000 5.151783 7.709486 3.545165 1.198109 0.000000 0.000000
 1.040000 5.149858 7.710357 3.548110 1.197832 0.000000 0.000000
 1.060000 5.146207 7.717134 3.552167 1.192414 0.000000 0.000000
 1.080000 5.138033 7.717053 3.552806 1.182498 0.000000 0.000000
 1.100000 5.135555 7.718964 3.564540 1.160042 0.000000 0.000000
 1.120000 5.138179 7.726751 3.565813 1.151659 0.000000 0.000000
 1.140000 5.129916 7.733784 3.570248 1.109268 0.000000 0.000000
 1.160000 5.125873 7.738390 3.585057 1.036616 0.000000 0.000000
 1.180000 5.120898 7.746266 3.586605 0.991093 0.000000 0.000000
 1.200000 5.119264 7.755188 3.590333 0.936874 0.000000 0.000000
 1.220000 5.115532 7.760668 3.599081 0.864102 0.000000 0.000000
 1.240000 5.107112 7.756817 3.600692 0.842985 0.000000 0.000000
 1.260000 5.103983 7.761152 3.603381 0.801718 0.000000 0.000000
 1.280000 5.097029 7.767708 3.606147 0.735103 0.000000 0.000000
 1.300000 5.087691 7.764532 3.606874 0.704398 0.000000 0.000000
 1.320000 5.086369 7.761698 3.612922 0.682006 0.000000 0.000000
 1.340000 5.083793 7.760415 3.613112 0.673801 0.000000 0.000000
 1.360000 5.077680 7.763965 3.613240 0.633036 0.000000 0.000000
 1.380000 5.070243 7.764905 3.621643 0.559927 0.000000 0.000000
 1.400000 5.064592 7.759248 3.623901 0.539948 0.000000 0.000000
 1.420000 5.063618 7.763030 3.620379 0.539590 0.000000 0.000000
 1.440000 5.066495 7.763101 3.618762 0.559616 0.000000 0.000000
 1.460000 5.063493 7.754116 3.616689 0.577354 0.000000 0.000000
 1.480000 5.068136 7.751712 3.616038 0.609716 0.000000 0.000000
 1.500000 5.062873 7.756832 3.613494 0.579923 0.000000 0.000000
 1.520000 5.059003 7.756400 3.609637 0.575249 0.000000 0.000000
 1.540000 5.060708 7.754730 3.613123 0.575499 0.000000 0.000000
 1.560000 5.059652 7.753696 3.608922 0.588241 0.000000 0.000000
 1.580000 5.058138 7.758952 3.604201 0.582771 0.000000 0.000000
 1.600000 5.055597 7.761790 3.603725 0.562564 0.000000 0.000000
 1.620000 5.054162 7.760001 3.596102 0.583052 0.000000 0.000000
 1.640000 5.057011 7.759301 3.586991 0.626635 0.000000 0.000000
 1.660000 5.055655 7.765873 3.575308 0.623076 0.000000 0.000000
 1.680000 5.057716 7.762803 3.565034 0.661821 0.000000 0.000000
 1.700000 5.061638 7.759585 3.561044 0.701855 0.000000 0.000000
 1.720000 5.065150 7.762797 3.553214 0.718435 0.000000 0.000000
 1.740000 5.065449 7.766828 3.549553 0.706241 0.000000 0.000000
 1.760000 5.070839 7.766752 3.549815 0.739119 0.000000 0.000000
 1.780000 5.079366 7.764675 3.548993 0.798323 0.000000 0.000000
 1.800000 5.084498 7.762680 3.546806 0.836472 0.000000 0.000000
 1.820000 5.086164 7.769514 3.551227 0.813840 0.000000 0.000000
 1.840000 5.087519 7.768299 3.554345 0.825171 0.000000 0.000000
 1.860000 5.086366 7.765524 3.555733 0.830733 0.000000 0.000000
 1.880000 5.090258 7.768452 3.554745 0.838544 0.000000 0.000000
 1.900000 5.090573 7.771077 3.554148 0.827804 0.000000 0.000000
 1.920000 5.093121 7.767485 3.551585 0.859628 0.000000 0.000000
 1.940000 5.094170 7.766010 3.553739 0.870825 0.000000 0.000000
 1.960000 5.094054 7.768232 3.556995 0.857073 0.000000 0.000000
 1.980000 5.099383 7.770246 3.559296 0.870172 0.000000 0.000000
 2.000000 5.104068 7.762481 3.551388 0.936279 0.000000 0.000000
 2.020000 5.111940 7.761231 3.548985 1.797222 0.000000 0.000000
 2.040000 5.117285 7.762373 3.550067 1.806656 0.000000 0.000000
 2.060000 5.116907 7.763382 3.552843 1.799274 0.000000 0.000000
 2.080000 5.122804 7.761299 3.549974 1.822461 0.000000 0.000000
 2.100000 5.124198 7.759158 3.546086 1.834195 0.000000 0.000000
 2.120000 5.123866 7.762370 3.544602 1.817191 0.000000 0.000000
 2.140000 5.121825 7.767482 3.543776 1.785650 0.000000 0.000000
 2.160000 5.115433 7.765135 3.540559 1.782096 0.000000 0.000000
 2.180000 5.111159 7.771097 3.543730 1.738656 0.000000 0.000000
 2.200000 5.107381 7.777844 3.541382 1.678639 0.000000 0.000000
 2.220000 5.106093 7.777992 3.538765 1.669057 0.000000 0.000000
 2.240000 5.107722 7.779865 3.533758 1.651485 0.000000 0.000000
 2.260000 5.100758 7.784401 3.529401 1.578462 0.000000 0.000000
 2.280000 5.095027 7.791017 3.522317 1.476467 0.000000 0.000000
 2.300000 5.097540 7.791463 3.510554 1.428788 0.000000 0.000000
 2.320000 5.101017 7.789253 3.504169 1.421844 0.000000 0.000000
 2.340000 5.105829 7.793307 3.498544 1.370257 0.000000 0.000000
 2.360000 5.104924 7.798254 3.492256 1.284342 0.000000 0.000000
 2.380000 5.108142 7.803568 3.494419 1.265332 0.000000 0.000000
 2.400000 5.114174 7.805129 3.494899 1.268236 0.000000 0.000000
 2.420000 5.117757 7.806608 3.492282 1.242822 0.000000 0.000000
 2.440000 5.129921 7.811506 3.494136 1.218336 0.000000 0.000000
 2.460000 5.135466 7.808810 3.493435 1.235185 0.000000 0.000000
 2.480000 5.133275 7.803806 3.491857 1.269870 0.000000 0.000000
 2.500000 5.137823 7.800622 3.490075 1.280125 0.000000 0.000000
 2.520000 5.142239 7.796153 3.491094 1.318614 0.000000 0.000000
 2.540000 5.137077 7.788384 3.484226 1.329250 0.000000 0.000000
 2.560000 5.138837 7.778833 3.495285 1.484790 0.000000 0.000000
 2.580000 5.138914 7.778783 3.497781 1.504421 0.000000 0.000000
 2.600000 5.140379 7.775121 3.494391 1.499505 0.000000 0.000000
 2.620000 5.149343 7.762944 3.503175 1.617612 0.000000 0.000000
 2.640000 5.144667 7.756435 3.497200 1.610875 0.000000 0.000000
 2.660000 5.148677 7.753403 3.502210 1.652997 0.000000 0.000000
 2.680000 5.146739 7.753370 3.508975 1.706634 0.000000 0.000000
 2.700000 5.140344 7.744323 3.500633 1.683217 0.000000 0.000000
 2.720000 5.139983 7.742235 3.509597 1.754680 0.000000 0.000000
 2.740000 5.135320 7.750092 3.506979 1.720788 0.000000 0.000000
 2.760000 5.124013 7.748463 3.505941 1.713682 0.000000 0.000000
 2.780000 5.113474 7.747583 3.514389 1.748477 0.000000 0.000000
 2.800000 5.103581 7.754574 3.505458 1.632247 0.000000 0.000000
 2.820000 5.107214 7.760797 3.512032 1.667015 0.000000 0.000000
 2.840000 5.102158 7.770476 3.511814 1.597173 0.000000 0.000000
 2.860000 5.097212 7.769966 3.504101 1.527734 0.000000 0.000000
 2.880000 5.094762 7.775678 3.515954 1.554216 0.000000 0.000000
 2.900000 5.086276 7.788979 3.506108 1.366184 0.000000 0.000000
 2.920000 5.086097 7.789586 3.500582 1.327012 0.000000 0.000000
 2.940000 5.090994 7.792504 3.495509 1.297425 0.000000 0.000000
 2.960000 5.081450 7.800720 3.492151 1.168075 0.000000 0.000000
 2.980000 5.085311 7.806527 3.499059 1.186516 0.000000 0.000000
 3.000000 5.090076 7.802887 3.500747 1.248200 0.000000 0.000000
 3.020000 5.094065 7.801655 3.490940 1.933349 0.000000 0.000000
 3.040000 5.102618 7.808313 3.500326 1.967368 0.000000 0.000000
 3.060000 5.113185 7.802521 3.503786 2.053540 0.000000 0.000000
 3.080000 5.113130 7.795688 3.507463 2.131313 0.000000 0.000000
 3.100000 5.123925 7.796147 3.508657 2.129640 0.000000 0.000000
 3.120000 5.130571 7.795305 3.508420 2.120579 0.000000 0.000000
 3.140000 5.132726 7.795849 3.515659 2.143239 0.000000 0.000000
 3.160000 5.146651 7.790353 3.516685 2.127229 0.000000 0.000000
 3.180000 5.150093 7.787140 3.512393 2.111036 0.000000 0.000000
 3.200000 5.160937 7.788308 3.519909 2.052601 0.000000 0.000000
 3.220000 5.170019 7.784361 3.522427 2.007175 0.000000 0.000000
 3.240000 5.172091 7.781119 3.523874 2.011875 0.000000 0.000000
 3.260000 5.186657 7.776638 3.521323 1.870758 0.000000 0.000000
 3.280000 5.189704 7.777675 3.518001 1.818253 0.000000 0.000000
 3.300000 5.191088 7.776662 3.515498 1.797701 0.000000 0.000000
 3.320000 5.196877 7.766598 3.509735 1.745073 0.000000 0.000000
 3.340000 5.196719 7.766745 3.506857 1.731733 0.000000 0.000000
 3.360000 5.204163 7.765334 3.506095 1.638254 0.000000 0.000000
 3.380000 5.212559 7.758946 3.500336 1.515163 0.000000 0.000000
 3.400000 5.217470 7.758223 3.491376 1.398295 0.000000 0.000000
 3.420000 5.226809 7.753566 3.488268 1.268393 0.000000 0.000000
 3.440000 5.234936 7.752795 3.492545 1.192601 0.000000 0.000000
 3.460000 5.240201 7.755859 3.494059 1.129354 0.000000 0.000000
 3.480000 5.246615 7.748634 3.499389 1.083697 0.000000 0.000000
 3.500000 5.252348 7.750918 3.505129 1.031453 0.000000 0.000000
 3.520000 5.259005 7.750712 3.511718 0.969297 0.000000 0.000000
 3.540000 5.265361 7.746025 3.510919 0.894468 0.000000 0.000000
 3.560000 5.267455 7.746936 3.507870 0.860536 0.000000 0.000000
 3.580000 5.268369 7.745181 3.512054 0.862477 0.000000 0.000000
 3.600000 5.270990 7.750260 3.518300 0.840573 0.000000 0.000000
 3.620000 5.272864 7.750675 3.518630 0.819027 0.000000 0.000000
 3.640000 5.272692 7.748030 3.522824 0.831037 0.000000 0.000000
 3.660000 5.274001 7.753357 3.529757 0.817566 0.000000 0.000000
 3.680000 5.275139 7.755215 3.532348 0.803709 0.000000 0.000000
 3.700000 5.274309 7.755449 3.536538 0.815087 0.000000 0.000000
 3.720000 5.269555 7.752998 3.541870 0.875869 0.000000 0.000000
 3.740000 5.264191 7.759301 3.545414 0.929232 0.000000 0.000000
 3.760000 5.258644 7.762627 3.546264 0.990820 0.000000 0.000000
 3.780000 5.255407 7.756793 3.549435 1.043334 0.000000 0.000000
 3.800000 5.251494 7.755598 3.550236 1.096291 0.000000 0.000000
 3.820000 5.248774 7.755846 3.559966 1.116924 0.000000 0.000000
 3.840000 5.247064 7.754035 3.566987 1.125760 0.000000 0.000000
 3.860000 5.238295 7.756070 3.570325 1.225874 0.000000 0.000000
 3.880000 5.236803 7.750819 3.569938 1.257581 0.000000 0.000000
 3.900000 5.231830 7.756317 3.572080 1.304012 0.000000 0.000000
 3.920000 5.220456 7.756486 3.575697 1.437220 0.000000 0.000000
 3.940000 5.217281 7.748112 3.577986 1.483263 0.000000 0.000000
 3.960000 5.202624 7.748663 3.577263 1.672613 0.000000 0.000000
 3.980000 5.197201 7.747684 3.578771 1.730219 0.000000 0.000000
 4.000000 5.195849 7.745900 3.578526 1.750002 0.000000 0.000000
 4.020000 5.183080 7.746232 3.587701 2.406762 0.000000 0.000000
 4.040000 5.187018 7.743217 3.592197 2.329589 0.000000 0.000000
 4.060000 5.184900 7.748446 3.597687 2.288062 0.000000 0.000000
 4.080000 5.175976 7.746323 3.599612 2.343204 0.000000 0.000000
 4.100000 5.180576 7.742208 3.596452 2.344650 0.000000 0.000000
 4.120000 5.174172 7.744222 3.599357 2.360882 0.000000 0.000000
 4.140000 5.172524 7.745466 3.600736 2.355160 0.000000 0.000000
 4.160000 5.167306 7.741079 3.596098 2.443113 0.000000 0.000000
 4.180000 5.162014 7.739595 3.604253 2.370352 0.000000 0.000000
 4.200000 5.161017 7.739559 3.602116 2.401997 0.000000 0.000000
 4.220000 5.157543 7.739445 3.606656 2.356257 0.000000 0.000000
 4.240000 5.151258 7.733710 3.605668 2.379671 0.000000 0.000000
 4.260000 5.153580 7.730619 3.604300 2.384893 0.000000 0.000000
 4.280000 5.154053 7.726324 3.608293 2.317174 0.000000 0.000000
 4.300000 5.156721 7.720174 3.605096 2.326129 0.000000 0.000000
 4.320000 5.162058 7.717504 3.608128 2.255251 0.000000 0.000000
 4.340000 5.170651 7.710476 3.614235 2.097220 0.000000 0.000000
 4.360000 5.176163 7.700657 3.617124 1.964698 0.000000 0.000000
 4.380000 5.180317 7.695004 3.619061 1.873288 0.000000 0.000000
 4.400000 5.180173 7.687810 3.619525 1.808239 0.000000 0.000000
 4.420000 5.182346 7.681890 3.624254 1.685263 0.000000 0.000000
 4.440000 5.190865 7.675600 3.629299 1.518817 0.000000 0.000000
 4.460000 5.193314 7.672396 3.631874 1.445650 0.000000 0.000000
 4.480000 5.195406 7.670365 3.629477 1.440886 0.000000 0.000000
 4.500000 5.199772 7.665181 3.620042 1.459402 0.000000 0.000000
 4.520000 5.203857 7.666152 3.615676 1.480757 0.000000 0.000000
 4.540000 5.211397 7.668114 3.608488 1.501207 0.000000 0.000000
 4.560000 5.222486 7.667426 3.598383 1.463944 0.000000 0.000000
 4.580000 5.220756 7.671407 3.592841 1.555693 0.000000 0.000000
 4.600000 5.214717 7.673441 3.575813 1.729145 0.000000 0.000000
 4.620000 5.214419 7.678796 3.559934 1.831957 0.000000 0.000000
 4.640000 5.204418 7.680938 3.562592 1.962800 0.000000 0.000000
 4.660000 5.203376 7.682381 3.559078 1.995938 0.000000 0.000000
 4.680000 5.200355 7.691528 3.553149 2.128512 0.000000 0.000000
 4.700000 5.185349 7.694037 3.546894 2.307077 0.000000 0.000000
 4.720000 5.188686 7.699585 3.535732 2.306839 0.000000 0.000000
 4.740000 5.184830 7.712427 3.530888 2.429278 0.000000 0.000000
 4.760000 5.180876 7.718942 3.528735 2.499164 0.000000 0.000000
 4.780000 5.187331 7.729228 3.519775 2.426881 0.000000 0.000000
 4.800000 5.171649 7.739008 3.527112 2.647497 0.000000 0.000000
 4.820000 5.170833 7.748962 3.521901 2.626145 0.000000 0.000000
 4.840000 5.173352 7.760855 3.524691 2.591744 0.000000 0.000000
 4.860000 5.158184 7.762799 3.525309 2.704144 0.000000 0.000000
 4.880000 5.167037 7.778101 3.520048 2.524810 0.000000 0.000000
 4.900000 5.165373 7.792262 3.514880 2.381779 0.000000 0.000000
 4.920000 5.166159 7.790634 3.516009 2.399131 0.000000 0.000000
 4.940000 5.178742 7.794164 3.511402 2.223858 0.000000 0.000000
 4.960000 5.177167 7.800707 3.511777 2.174330 0.000000 0.000000
 4.980000 5.178915 7.794399 3.496808 2.096605 0.000000 0.000000
 5.000000 5.189480 7.789986 3.493989 1.999305 0.000000 0.000000
 5.020000 5.190174 7.785534 3.494024 2.563412 0.000000 0.000000
 5.040000 5.201988 7.785639 3.489685 2.378381 0.000000 0.000000
 5.060000 5.203824 7.780976 3.478079 2.251742 0.000000 0.000000
 5.080000 5.203366 7.772330 3.469404 2.180459 0.000000 0.000000
 5.100000 5.214343 7.771494 3.462343 1.953970 0.000000 0.000000
 5.120000 5.222620 7.769007 3.462884 1.861612 0.000000 0.000000
 5.140000 5.225859 7.759760 3.459595 1.788965 0.000000 0.000000
 5.160000 5.236236 7.757033 3.456257 1.611636 0.000000 0.000000
 5.180000 5.237440 7.753111 3.447881 1.491424 0.000000 0.000000
 5.200000 5.250009 7.751823 3.445856 1.311795 0.000000 0.000000
 5.220000 5.253493 7.747033 3.448126 1.290044 0.000000 0.000000
 5.240000 5.254064 7.750707 3.454161 1.350803 0.000000 0.000000
 5.260000 5.267361 7.751546 3.453101 1.168906 0.000000 0.000000
 5.280000 5.264933 7.758376 3.455787 1.226039 0.000000 0.000000
 5.300000 5.266804 7.761579 3.459403 1.233291 0.000000 0.000000
 5.320000 5.271984 7.764589 3.468333 1.236423 0.000000 0.000000
 5.340000 5.270195 7.769163 3.469504 1.264681 0.000000 0.000000
 5.360000 5.280409 7.768892 3.469112 1.122083 0.000000 0.000000
 5.380000 5.279669 7.765922 3.465796 1.111356 0.000000 0.000000
 5.400000 5.280405 7.766408 3.471813 1.144526 0.000000 0.000000
 5.420000 5.285384 7.767865 3.473659 1.087717 0.000000 0.000000
 5.440000 5.278401 7.768414 3.471289 1.165573 0.000000 0.000000
 5.460000 5.278550 7.770682 3.467633 1.133545 0.000000 0.000000
 5.480000 5.273510 7.774770 3.466182 1.182592 0.000000 0.000000
 5.500000 5.275288 7.778440 3.463240 1.128187 0.000000 0.000000
 5.520000 5.273858 7.779979 3.457800 1.099866 0.000000 0.000000
 5.540000 5.268216 7.779175 3.457789 1.173215 0.000000 0.000000
 5.560000 5.269172 7.787611 3.458199 1.140224 0.000000 0.000000
 5.580000 5.268930 7.795167 3.463704 1.159454 0.000000 0.000000
 5.600000 5.266095 7.794531 3.464537 1.205092 0.000000 0.000000
 5.620000 5.273075 7.797328 3.473173 1.165419 0.000000 0.000000
 5.640000 5.269799 7.800732 3.482130 1.251607 0.000000 0.000000
 5.660000 5.272869 7.802736 3.487457 1.229476 0.000000 0.000000
 5.680000 5.273965 7.796420 3.487698 1.247840 0.000000 0.000000
 5.700000 5.277248 7.788965 3.497527 1.284635 0.000000 0.000000
 5.720000 5.288020 7.784862 3.499129 1.148757 0.000000 0.000000
 5.740000 5.288720 7.777959 3.509825 1.199818 0.000000 0.000000
 5.760000 5.288239 7.764469 3.510270 1.237799 0.000000 0.000000
 5.780000 5.291881 7.757395 3.520521 1.217985 0.000000 0.000000
 5.800000 5.287665 7.748909 3.521194 1.289547 0.000000 0.000000
 5.820000 5.293919 7.742327 3.526776 1.198622 0.000000 0.000000
 5.840000 5.289235 7.730459 3.527984 1.257158 0.000000 0.000000
 5.860000 5.295815 7.724834 3.531190 1.146179 0.000000 0.000000
 5.880000 5.298719 7.721282 3.530330 1.092040 0.000000 0.000000
 5.900000 5.306380 7.715326 3.536450 0.971520 0.000000 0.000000
 5.920000 5.313948 7.709747 3.533901 0.852345 0.000000 0.000000
 5.940000 5.327296 7.706591 3.535703 0.686351 0.000000 0.000000
 5.960000 5.325090 7.705814 3.535526 0.708682 0.000000 0.000000
 5.980000 5.338729 7.705074 3.535574 0.564568 0.000000 0.000000
 6.000000 5.336595 7.697396 3.534887 0.565845 0.000000 0.000000
 6.020000 5.345737 7.699717 3.545016 1.437256 0.000000 0.000000
 6.040000 5.349215 7.703328 3.544509 1.410117 0.000000 0.000000
 6.060000 5.350981 7.700610 3.551802 1.379609 0.000000 0.000000
 6.080000 5.349147 7.703712 3.548249 1.407212 0.000000 0.000000
 6.100000 5.357500 7.711950 3.549769 1.330035 0.000000 0.000000
 6.120000 5.350593 7.720755 3.548140 1.396770 0.000000 0.000000
 6.140000 5.359106 7.724323 3.539817 1.314617 0.000000 0.000000
 6.160000 5.350961 7.728277 3.532017 1.387530 0.000000 0.000000
 6.180000 5.360405 7.740367 3.533618 1.262175 0.000000 0.000000
 6.200000 5.356692 7.747960 3.525585 1.263518 0.000000 0.000000
 6.220000 5.354392 7.756761 3.527937 1.249911 0.000000 0.000000
 6.240000 5.351520 7.764648 3.517285 1.218106 0.000000 0.000000
 6.260000 5.353786 7.778695 3.523400 1.122338 0.000000 0.000000
 6.280000 5.352389 7.788794 3.521298 1.062486 0.000000 0.000000
 6.300000 5.355628 7.789505 3.518192 1.022802 0.000000 0.000000
 6.320000 5.348071 7.801127 3.518779 1.005297 0.000000 0.000000
 6.340000 5.359957 7.809048 3.515678 0.841687 0.000000 0.000000
 6.360000 5.356168 7.809789 3.514023 0.863136 0.000000 0.000000
 6.380000 5.361095 7.817171 3.516567 0.775386 0.000000 0.000000
 6.400000 5.360347 7.825022 3.516499 0.723400 0.000000 0.000000
 6.420000 5.367451 7.833390 3.517931 0.618903 0.000000 0.000000
 6.440000 5.367185 7.838374 3.519404 0.588274 0.000000 0.000000
 6.460000 5.362332 7.845446 3.531274 0.575525 0.000000 0.000000
 6.480000 5.360151 7.846392 3.530259 0.581677 0.000000 0.000000
 6.500000 5.364827 7.852628 3.543387 0.512177 0.000000 0.000000
 6.520000 5.355954 7.854169 3.555823 0.541404 0.000000 0.000000
 6.540000 5.351948 7.851384 3.557104 0.582368 0.000000 0.000000
 6.560000 5.346410 7.854191 3.571532 0.571918 0.000000 0.000000
 6.580000 5.346318 7.843982 3.581447 0.622542 0.000000 0.000000
 6.600000 5.341730 7.832220 3.580985 0.741429 0.000000 0.000000
 6.620000 5.335230 7.823939 3.599492 0.778065 0.000000 0.000000
 6.640000 5.329324 7.808588 3.599432 0.940449 0.000000 0.000000
 6.660000 5.323020 7.793504 3.598919 1.111907 0.000000 0.000000
 6.680000 5.313154 7.784628 3.615099 1.142914 0.000000 0.000000
 6.700000 5.301656 7.771046 3.611106 1.371132 0.000000 0.000000
 6.720000 5.295129 7.767799 3.629664 1.261843 0.000000 0.000000
 6.740000 5.292047 7.760964 3.643098 1.168267 0.000000 0.000000
 6.760000 5.282536 7.758960 3.648110 1.191910 0.000000 0.000000
 6.780000 5.280341 7.766495 3.664700 0.983588 0.000000 0.000000
 6.800000 5.279780 7.764698 3.663728 1.004814 0.000000 0.000000
 6.820000 5.272890 7.764718 3.663127 1.058561 0.000000 0.000000
 6.840000 5.268839 7.768948 3.666244 1.032617 0.000000 0.000000
 6.860000 5.262799 7.762251 3.656418 1.225293 0.000000 0.000000
 6.880000 5.263012 7.765759 3.655471 1.223559 0.000000 0.000000
 6.900000 5.264063 7.763713 3.649751 1.299616 0.000000 0.000000
 6.920000 5.267798 7.763757 3.641318 1.380536 0.000000 0.000000
 6.940000 5.266766 7.771235 3.640414 1.366812 0.000000 0.000000
 6.960000 5.273304 7.764258 3.634821 1.413558 0.000000 0.000000
 6.980000 5.275103 7.768184 3.629597 1.442954 0.000000 0.000000
 7.000000 5.279057 7.766190 3.629757 1.414144 0.000000 0.000000
 7.020000 5.278600 7.752785 3.622627 2.233778 0.000000 0.000000
 7.040000 5.283970 7.754210 3.624659 2.153171 0.000000 0.000000
 7.060000 5.289685 7.745937 3.615927 2.208684 0.000000 0.000000
 7.080000 5.291534 7.742142 3.611833 2.233967 0.000000 0.000000
 7.100000 5.294804 7.747203 3.615482 2.155528 0.000000 0.000000
 7.120000 5.307532 7.740544 3.612207 2.051746 0.000000 0.000000
 7.140000 5.308808 7.747743 3.615998 1.993202 0.000000 0.000000
 7.160000 5.316277 7.746656 3.617038 1.901437 0.000000 0.000000
 7.180000 5.322287 7.747379 3.613277 1.862485 0.000000 0.000000
 7.200000 5.326800 7.750335 3.614191 1.795702 0.000000 0.000000
 7.220000 5.336181 7.746571 3.601209 1.780118 0.000000 0.000000
 7.240000 5.339599 7.751612 3.605293 1.700159 0.000000 0.000000
 7.260000 5.344529 7.754115 3.599674 1.662546 0.000000 0.000000
 7.280000 5.351858 7.757273 3.591059 1.597553 0.000000 0.000000
 7.300000 5.352398 7.776697 3.597072 1.467804 0.000000 0.000000
 7.320000 5.361366 7.778233 3.591668 1.371118 0.000000 0.000000
 7.340000 5.362531 7.785614 3.594187 1.301735 0.000000 0.000000
 7.360000 5.366631 7.798549 3.600338 1.147195 0.000000 0.000000
 7.380000 5.369365 7.801226 3.588548 1.129330 0.000000 0.000000
 7.400000 5.367190 7.811066 3.594557 1.062496 0.000000 0.000000
 7.420000 5.366751 7.818510 3.596057 1.003704 0.000000 0.000000
 7.440000 5.370917 7.820212 3.592835 0.957655 0.000000 0.000000
 7.460000 5.371357 7.833246 3.607534 0.819528 0.000000 0.000000
 7.480000 5.378467 7.829695 3.606354 0.791043 0.000000 0.000000
 7.500000 5.375414 7.831195 3.612679 0.788997 0.000000 0.000000
 7.520000 5.376166 7.837795 3.618615 0.720566 0.000000 0.000000
 7.540000 5.379959 7.826325 3.605758 0.804203 0.000000 0.000000
 7.560000 5.383801 7.826732 3.615946 0.744406 0.000000 0.000000
 7.580000 5.379812 7.817598 3.612657 0.847780 0.000000 0.000000
 7.600000 5.379846 7.809287 3.606466 0.922444 0.000000 0.000000
 7.620000 5.388714 7.809019 3.614844 0.818908 0.000000 0.000000
 7.640000 5.386468 7.796285 3.604270 0.948929 0.000000 0.000000
 7.660000 5.387979 7.790744 3.606900 0.957669 0.000000 0.000000
 7.680000 5.392325 7.788876 3.605761 0.928281 0.000000 0.000000
 7.700000 5.390868 7.786852 3.586018 1.003274 0.000000 0.000000
 7.720000 5.397088 7.783183 3.587476 0.955884 0.000000 0.000000
 7.740000 5.387356 7.781333 3.580068 1.082186 0.000000 0.000000
 7.760000 5.391070 7.784587 3.577079 1.027677 0.000000 0.000000
 7.780000 5.391714 7.794653 3.583662 0.952342 0.000000 0.000000
 7.800000 5.385450 7.799110 3.578433 0.993920 0.000000 0.000000
 7.820000 5.378682 7.803605 3.590525 1.012477 0.000000 0.000000
 7.840000 5.369839 7.811047 3.586885 1.051742 0.000000 0.000000
 7.860000 5.364981 7.817838 3.583016 1.049893 0.000000 0.000000
 7.880000 5.358332 7.821469 3.598369 1.053001 0.000000 0.000000
 7.900000 5.351565 7.810166 3.588689 1.243492 0.000000 0.000000
 7.920000 5.348821 7.809959 3.600034 1.243184 0.000000 0.000000
 7.940000 5.341123 7.809158 3.601122 1.326960 0.000000 0.000000
 7.960000 5.339400 7.799777 3.596867 1.445788 0.000000 0.000000
 7.980000 5.326278 7.797767 3.609492 1.551487 0.000000 0.000000
 8.000000 5.327109 7.787064 3.608832 1.634702 0.000000 0.000000
 8.020000 5.322516 7.781165 3.612091 2.330596 0.000000 0.000000
 8.040000 5.305735 7.779738 3.616582 2.479097 0.000000 0.000000
 8.060000 5.305708 7.758699 3.615489 2.583571 0.000000 0.000000
 8.080000 5.295651 7.762236 3.620452 2.620372 0.000000 0.000000
 8.100000 5.283118 7.753770 3.619504 2.753551 0.000000 0.000000
 8.120000 5.283199 7.735858 3.635246 2.526837 0.000000 0.000000
 8.140000 5.273807 7.738864 3.638282 2.550862 0.000000 0.000000
 8.160000 5.272766 7.727612 3.646743 2.381121 0.000000 0.000000
 8.180000 5.270546 7.713430 3.654494 2.175385 0.000000 0.000000
 8.200000 5.259389 7.712478 3.657957 2.151249 0.000000 0.000000
 8.220000 5.263964 7.700114 3.671078 1.815776 0.000000 0.000000
 8.240000 5.264075 7.700453 3.671976 1.803581 0.000000 0.000000
 8.260000 5.256284 7.686850 3.667439 1.768038 0.000000 0.000000
 8.280000 5.257229 7.681192 3.668899 1.683060 0.000000 0.000000
 8.300000 5.254322 7.683893 3.661297 1.837582 0.000000 0.000000
 8.320000 5.255595 7.678882 3.664977 1.721082 0.000000 0.000000
 8.340000 5.244367 7.679289 3.659745 1.829463 0.000000 0.000000
 8.360000 5.242379 7.674746 3.661822 1.746205 0.000000 0.000000
 8.380000 5.247485 7.672802 3.658593 1.762283 0.000000 0.000000
 8.400000 5.237899 7.678183 3.654966 1.901324 0.000000 0.000000
 8.420000 5.237657 7.669802 3.659343 1.729370 0.000000 0.000000
 8.440000 5.229075 7.683270 3.657128 1.938441 0.000000 0.000000
 8.460000 5.228193 7.686979 3.650141 2.098516 0.000000 0.000000
 8.480000 5.237540 7.681663 3.651210 2.004140 0.000000 0.000000
 8.500000 5.220943 7.685463 3.634986 2.331890 0.000000 0.000000
 8.520000 5.230088 7.686141 3.634345 2.337131 0.000000 0.000000
 8.540000 5.233524 7.691629 3.627760 2.501117 0.000000 0.000000
 8.560000 5.218075 7.700886 3.621353 2.743470 0.000000 0.000000
 8.580000 5.237780 7.689067 3.618347 2.588385 0.000000 0.000000
 8.600000 5.231052 7.702019 3.610137 2.884804 0.000000 0.000000
 8.620000 5.231945 7.701208 3.601561 2.972696 0.000000 0.000000
 8.640000 5.247572 7.696157 3.604278 2.810767 0.000000 0.000000
 8.660000 5.231083 7.708129 3.600478 3.068575 0.000000 0.000000
 8.680000 5.244588 7.703816 3.593394 3.024660 0.000000 0.000000
 8.700000 5.249114 7.699774 3.583356 3.021499 0.000000 0.000000
 8.720000 5.237385 7.704442 3.587083 3.120234 0.000000 0.000000
 8.740000 5.255622 7.703458 3.578401 3.049278 0.000000 0.000000
 8.760000 5.250002 7.707372 3.578847 3.130197 0.000000 0.000000
 8.780000 5.240039 7.705075 3.572128 3.195994 0.000000 0.000000
 8.800000 5.254521 7.706677 3.571660 3.117707 0.000000 0.000000
 8.820000 5.244817 7.715574 3.575418 3.262939 0.000000 0.000000
 8.840000 5.246741 7.711705 3.570297 3.230335 0.000000 0.000000
 8.860000 5.249977 7.705471 3.565122 3.150214 0.000000 0.000000
 8.880000 5.246035 7.712596 3.566687 3.252114 0.000000 0.000000
 8.900000 5.259269 7.709149 3.565017 3.117830 0.000000 0.000000
 8.920000 5.258498 7.703642 3.564388 3.065138 0.000000 0.000000
 8.940000 5.260037 7.702452 3.562347 3.040009 0.000000 0.000000
 8.960000 5.272445 7.705152 3.561382 2.965646 0.000000 0.000000
 8.980000 5.273421 7.710164 3.562058 3.006234 0.000000 0.000000
 9.000000 5.278456 7.709245 3.557322 2.945642 0.000000 0.000000
 9.020000 5.282007 7.712813 3.558429 3.311149 0.000000 0.000000
 9.040000 5.283264 7.726422 3.561303 3.386464 0.000000 0.000000
 9.060000 5.293230 7.735488 3.556769 3.290704 0.000000 0.000000
 9.080000 5.284875 7.740401 3.557942 3.394034 0.000000 0.000000
 9.100000 5.284346 7.746196 3.556721 3.391412 0.000000 0.000000
 9.120000 5.290703 7.754668 3.554633 3.284099 0.000000 0.000000
 9.140000 5.284509 7.759855 3.556564 3.337217 0.000000 0.000000
 9.160000 5.281566 7.753764 3.548033 3.364302 0.000000 0.000000
 9.180000 5.277600 7.758942 3.552395 3.403890 0.000000 0.000000
 9.200000 5.274119 7.763894 3.552710 3.411524 0.000000 0.000000
 9.220000 5.276274 7.764640 3.550508 3.374103 0.000000 0.000000
 9.240000 5.260399 7.766697 3.557445 3.538953 0.000000 0.000000
 9.260000 5.260852 7.768759 3.558442 3.520445 0.000000 0.000000
 9.280000 5.260174 7.774815 3.562610 3.476861 0.000000 0.000000
 9.300000 5.245088 7.774182 3.567264 3.600678 0.000000 0.000000
 9.320000 5.240197 7.769783 3.556622 3.676800 0.000000 0.000000
 9.340000 5.234493 7.772031 3.557328 3.696005 0.000000 0.000000
 9.360000 5.231068 7.770744 3.557064 3.728290 0.000000 0.000000
 9.380000 5.234270 7.767077 3.552647 3.731574 0.000000 0.000000
 9.400000 5.221096 7.762016 3.553208 3.841240 0.000000 0.000000
 9.420000 5.216266 7.763474 3.549097 3.846510 0.000000 0.000000
 9.440000 5.210004 7.763775 3.548285 3.867937 0.000000 0.000000
 9.460000 5.205423 7.763458 3.556291 3.890666 0.000000 0.000000
 9.480000 5.207291 7.759207 3.556306 3.908773 0.000000 0.000000
 9.500000 5.205564 7.756928 3.559654 3.919631 0.000000 0.000000
 9.520000 5.204133 7.761130 3.562787 3.896451 0.000000 0.000000
 9.540000 5.208766 7.752814 3.559667 3.925331 0.000000 0.000000
 9.560000 5.206908 7.744231 3.562274 3.934974 0.000000 0.000000
 9.580000 5.212934 7.743442 3.564510 3.914677 0.000000 0.000000
 9.600000 5.208603 7.741866 3.556316 3.937509 0.000000 0.000000
 9.620000 5.203886 7.741492 3.555868 3.947947 0.000000 0.000000
 9.640000 5.203980 7.737142 3.554426 3.939092 0.000000 0.000000
 9.660000 5.208207 7.738134 3.552134 3.930827 0.000000 0.000000
 9.680000 5.209208 7.742818 3.555785 3.936908 0.000000 0.000000
 9.700000 5.208732 7.741659 3.554850 3.937110 0.000000 0.000000
 9.720000 5.200351 7.743373 3.551288 3.955448 0.000000 0.000000
 9.740000 5.208980 7.746966 3.554865 3.937629 0.000000 0.000000
 9.760000 5.210185 7.747739 3.550047 3.928866 0.000000 0.000000
 9.780000 5.211784 7.744855 3.556993 3.929990 0.000000 0.000000
 9.800000 5.207213 7.748644 3.561881 3.933154 0.000000 0.000000
 9.820000 5.205176 7.747863 3.551306 3.944902 0.000000 0.000000
 9.840000 5.201963 7.753999 3.561124 3.934026 0.000000 0.000000
 9.860000 5.198629 7.749181 3.566689 3.929811 0.000000 0.000000
 9.880000 5.192989 7.747098 3.566963 3.931913 0.000000 0.000000
 9.900000 5.199303 7.757527 3.571686 3.881675 0.000000 0.000000
 9.920000 5.188088 7.754851 3.567351 3.914092 0.000000 0.000000
 9.940000 5.181415 7.756482 3.576003 3.837046 0.000000 0.000000
 9.960000 5.177912 7.756011 3.578475 3.806627 0.000000 0.000000
 9.980000 5.183300 7.752095 3.580293 3.814544 0.000000 0.000000
 10.000000 5.179497 7.760955 3.589316 3.674321 0.000000 0.000000
 10.020000 5.176059 7.759251 3.596389 3.849111 0.000000 0.000000
 10.040000 5.173212 7.757553 3.599825 3.790719 0.000000 0.000000
 10.060000 5.181477 7.772438 3.603579 3.680908 0.000000 0.000000
 10.080000 5.177885 7.767069 3.609848 3.600941 0.000000 0.000000
 10.100000 5.179192 7.772660 3.619824 3.382381 0.000000 0.000000
 10.120000 5.182215 7.772297 3.621690 3.360674 0.000000 0.000000
 10.140000 5.191629 7.763957 3.623198 3.413991 0.000000 0.000000
 10.160000 5.191280 7.766456 3.623424 3.395087 0.000000 0.000000
 10.180000 5.193756 7.754449 3.622667 3.464655 0.000000 0.000000
 10.200000 5.201906 7.751823 3.619474 3.546600 0.000000 0.000000
 10.220000 5.212075 7.753980 3.620261 3.532044 0.000000 0.000000
 10.240000 5.214774 7.746811 3.619104 3.559990 0.000000 0.000000
 10.260000 5.222703 7.752903 3.623222 3.468547 0.000000 0.000000
 10.280000 5.229949 7.756044 3.623572 3.438914 0.000000 0.000000
 10.300000 5.239878 7.753245 3.627554 3.340770 0.000000 0.000000
 10.320000 5.243399 7.757257 3.634115 3.195261 0.000000 0.000000
 10.340000 5.250703 7.751760 3.636055 3.140102 0.000000 0.000000
 10.360000 5.260608 7.747872 3.638245 3.051966 0.000000 0.000000
 10.380000 5.266513 7.742376 3.639398 2.992255 0.000000 0.000000
 10.400000 5.272071 7.734995 3.638799 2.949807 0.000000 0.000000
 10.420000 5.280809 7.732154 3.643543 2.790740 0.000000 0.000000
 10.440000 5.286211 7.728320 3.647209 2.666887 0.000000 0.000000
 10.460000 5.295225 7.723364 3.648674 2.542077 0.000000 0.000000
 10.480000 5.296261 7.731986 3.658798 2.392112 0.000000 0.000000
 10.500000 5.301763 7.726839 3.659899 2.305676 0.000000 0.000000
 10.520000 5.306759 7.725153 3.668271 2.107055 0.000000 0.000000
 10.540001 5.307205 7.730590 3.679988 1.916056 0.000000 0.000000
 10.560001 5.314596 7.718912 3.674645 1.901153 0.000000 0.000000
 10.580001 5.318974 7.718331 3.685952 1.673267 0.000000 0.000000
 10.600001 5.319758 7.715425 3.691140 1.566925 0.000000 0.000000
 10.620001 5.329003 7.705516 3.685408 1.531642 0.000000 0.000000
 10.640001 5.326365 7.714317 3.695200 1.449765 0.000000 0.000000
 10.660001 5.330564 7.708609 3.697474 1.355653 0.000000 0.000000
 10.680001 5.334070 7.709355 3.702853 1.256608 0.000000 0.000000
 10.700001 5.330541 7.723932 3.708771 1.254735 0.000000 0.000000
 10.720001 5.343054 7.718334 3.708194 1.159230 0.000000 0.000000
 10.740001 5.337924 7.725844 3.706914 1.239011 0.000000 0.000000
 10.760001 5.335030 7.731163 3.705663 1.293141 0.000000 0.000000
 10.780001 5.348414 7.722163 3.701381 1.227537 0.000000 0.000000
 10.800001 5.353096 7.729147 3.703257 1.186797 0.000000 0.000000
 10.820001 5.352394 7.721527 3.703036 1.172074 0.000000 0.000000
 10.840001 5.356584 7.712669 3.699610 1.150245 0.000000 0.000000
 10.860001 5.354788 7.722511 3.696948 1.237535 0.000000 0.000000
 10.880001 5.360107 7.717364 3.697968 1.161429 0.000000 0.000000
 10.900001 5.353019 7.721673 3.696854 1.250626 0.000000 0.000000
 10.920001 5.353174 7.733552 3.698056 1.267305 0.000000 0.000000
 10.940001 5.352114 7.737116 3.695364 1.320667 0.000000 0.000000
 10.960001 5.351046 7.748187 3.697561 1.313229 0.000000 0.000000
 10.980001 5.348211 7.755757 3.694544 1.381470 0.000000 0.000000
 11.000001 5.349112 7.756218 3.687349 1.475181 0.000000 0.000000
 11.020001 5.343092 7.766590 3.679309 2.291938 0.000000 0.000000
 11.040001 5.348176 7.766961 3.674848 2.301547 0.000000 0.000000
 11.060001 5.341394 7.762542 3.666145 2.498358 0.000000 0.000000
 11.080001 5.334861 7.771819 3.664674 2.551191 0.000000 0.000000
 11.100001 5.338003 7.764468 3.649324 2.733531 0.000000 0.000000
 11.120001 5.336075 7.763347 3.645676 2.799295 0.000000 0.000000
 11.140001 5.326483 7.766301 3.640862 2.947173 0.000000 0.000000
 11.160001 5.334014 7.752929 3.637736 2.928406 0.000000 0.000000
 11.180001 5.331516 7.754053 3.633320 3.000342 0.000000 0.000000
 11.200001 5.333871 7.750476 3.634962 2.959015 0.000000 0.000000
 11.220001 5.328893 7.738517 3.626175 3.091081 0.000000 0.000000
 11.240001 5.328802 7.744363 3.635136 3.016725 0.000000 0.000000
 11.260001 5.326296 7.741119 3.629401 3.098610 0.000000 0.000000
 11.280001 5.315494 7.738840 3.625827 3.251884 0.000000 0.000000
 11.300001 5.305200 7.749824 3.622868 3.395057 0.000000 0.000000
 11.320001 5.307820 7.739332 3.617504 3.410249 0.000000 0.000000
 11.340001 5.302310 7.746278 3.616237 3.485161 0.000000 0.000000
 11.360001 5.299673 7.750159 3.615952 3.511202 0.000000 0.000000
 11.380001 5.288799 7.747629 3.601353 3.722194 0.000000 0.000000
 11.400001 5.288682 7.755418 3.611892 3.633907 0.000000 0.000000
 11.420001 5.285038 7.760662 3.610401 3.656082 0.000000 0.000000
 11.440001 5.280338 7.757059 3.613776 3.675353 0.000000 0.000000
 11.460001 5.273147 7.770923 3.623985 3.530497 0.000000 0.000000
 11.480001 5.274028 7.765783 3.624203 3.556816 0.000000 0.000000
 11.500001 5.268431 7.769832 3.625985 3.535352 0.000000 0.000000
 11.520001 5.265504 7.771614 3.634440 3.415954 0.000000 0.000000
 11.540001 5.258173 7.767449 3.626414 3.580941 0.000000 0.000000
 11.560001 5.266410 7.768754 3.633010 3.453301 0.000000 0.000000
 11.580001 5.256848 7.770922 3.624697 3.584348 0.000000 0.000000
 11.600001 5.255506 7.762821 3.620382 3.695935 0.000000 0.000000
 11.620001 5.253238 7.766498 3.621195 3.670791 0.000000 0.000000
 11.640001 5.255541 7.754849 3.621052 3.717203 0.000000 0.000000
 11.660001 5.251414 7.753649 3.619055 3.758518 0.000000 0.000000
 11.680001 5.249455 7.747828 3.622413 3.722263 0.000000 0.000000
 11.700001 5.250226 7.741955 3.616742 3.795986 0.000000 0.000000
 11.720001 5.261043 7.737646 3.618675 3.724443 0.000000 0.000000
 11.740001 5.253572 7.733483 3.614725 3.785235 0.000000 0.000000
 11.760001 5.256502 7.720173 3.612682 3.708495 0.000000 0.000000
 11.780001 5.258006 7.720456 3.609648 3.740107 0.000000 0.000000
 11.800001 5.256010 7.712447 3.600330 3.761727 0.000000 0.000000
 11.820001 5.246107 7.710319 3.593602 3.833260 0.000000 0.000000
 11.840001 5.239376 7.707965 3.597182 3.793817 0.000000 0.000000
 11.860001 5.239807 7.699812 3.587915 3.748877 0.000000 0.000000
 11.880001 5.239257 7.703989 3.590533 3.794408 0.000000 0.000000
 11.900001 5.227950 7.705814 3.598999 3.766426 0.000000 0.000000
 11.920001 5.225098 7.704108 3.599226 3.741841 0.000000 0.000000
 11.940001 5.223128 7.712727 3.605790 3.776950 0.000000 0.000000
 11.960001 5.221914 7.712731 3.607875 3.749079 0.000000 0.000000
 11.980001 5.225721 7.716733 3.615788 3.682532 0.000000 0.000000
 12.000001 5.225186 7.722370 3.624208 3.597052 0.000000 0.000000
 12.020001 5.232083 7.725037 3.617017 4.021533 0.000000 0.000000
 12.040001 5.229803 7.735298 3.619758 4.037070 0.000000 0.000000
 12.060001 5.228792 7.736110 3.625646 3.939631 0.000000 0.000000
 12.080001 5.231746 7.737212 3.624685 3.961306 0.000000 0.000000
 12.100001 5.236747 7.744404 3.625610 3.957469 0.000000 0.000000
 12.120001 5.232777 7.746238 3.622009 4.018774 0.000000 0.000000
 12.140001 5.229459 7.750607 3.625462 3.954834 0.000000 0.000000
 12.160001 5.226115 7.758129 3.627858 3.886744 0.000000 0.000000
 12.180001 5.237183 7.755145 3.627109 3.916413 0.000000 0.000000
 12.200001 5.231494 7.763282 3.634186 3.752023 0.000000 0.000000
 12.220001 5.231999 7.760416 3.641215 3.633996 0.000000 0.000000
 12.240001 5.237132 7.759466 3.644149 3.587209 0.000000 0.000000
 12.260001 5.242345 7.763338 3.652779 3.400725 0.000000 0.000000
 12.280001 5.242504 7.756063 3.654012 3.403581 0.000000 0.000000
 12.300001 5.243954 7.751230 3.662751 3.226489 0.000000 0.000000
 12.320001 5.248660 7.753712 3.663887 3.202622 0.000000 0.000000
 12.340001 5.261380 7.750187 3.664142 3.200391 0.000000 0.000000
 12.360001 5.254523 7.762302 3.662329 3.211815 0.000000 0.000000
 12.380001 5.262066 7.763992 3.666641 3.112519 0.000000 0.000000
 12.400001 5.271913 7.766071 3.660453 3.211517 0.000000 0.000000
 12.420001 5.277075 7.780131 3.660803 3.092177 0.000000 0.000000
 12.440001 5.278258 7.778585 3.651192 3.267163 0.000000 0.000000
 12.460001 5.282033 7.782849 3.652213 3.193257 0.000000 0.000000
 12.480001 5.287549 7.796469 3.646041 3.092598 0.000000 0.000000
 12.500001 5.303923 7.795474 3.641550 3.051902 0.000000 0.000000
 12.520001 5.296773 7.806686 3.641644 2.939823 0.000000 0.000000
 12.540001 5.309698 7.808723 3.647435 2.750219 0.000000 0.000000
 12.560001 5.314158 7.812277 3.639133 2.741889 0.000000 0.000000
 12.580001 5.323776 7.822148 3.646580 2.429355 0.000000 0.000000
 12.600001 5.324118 7.819772 3.646312 2.467012 0.000000 0.000000
 12.620001 5.328902 7.818577 3.651273 2.396810 0.000000 0.000000
 12.640001 5.338597 7.826952 3.650218 2.184345 0.000000 0.000000
 12.660001 5.350736 7.823081 3.654260 2.083924 0.000000 0.000000
 12.680001 5.341528 7.824948 3.658653 2.115334 0.000000 0.000000
 12.700001 5.354169 7.823035 3.663543 1.970982 0.000000 0.000000
 12.720001 5.357690 7.822173 3.656196 2.003818 0.000000 0.000000
 12.740001 5.366244 7.826956 3.668556 1.751916 0.000000 0.000000
 12.760001 5.365393 7.818093 3.662354 1.917721 0.000000 0.000000
 12.780001 5.368471 7.821473 3.671312 1.769820 0.000000 0.000000
 12.800001 5.375824 7.827430 3.666234 1.658848 0.000000 0.000000
 12.820001 5.380069 7.821598 3.664859 1.684666 0.000000 0.000000
 12.840001 5.373772 7.825730 3.672394 1.654488 0.000000 0.000000
 12.860001 5.386522 7.820830 3.667292 1.597369 0.000000 0.000000
 12.880001 5.386037 7.833366 3.671021 1.445401 0.000000 0.000000
 12.900001 5.387208 7.833982 3.673619 1.408786 0.000000 0.000000
 12.920001 5.384894 7.832663 3.664310 1.508665 0.000000 0.000000
 12.940001 5.389314 7.840525 3.666111 1.361024 0.000000 0.000000
 12.960001 5.391756 7.845794 3.656030 1.324390 0.000000 0.000000
 12.980001 5.389632 7.840315 3.653649 1.422177 0.000000 0.000000
 13.000001 5.383842 7.851377 3.660740 1.318557 0.000000 0.000000
 13.020001 5.393361 7.850292 3.655254 1.960613 0.000000 0.000000
 13.040001 5.391704 7.860352 3.656762 1.853554 0.000000 0.000000
 13.060001 5.388800 7.866087 3.671769 1.743627 0.000000 0.000000
 13.080001 5.387681 7.867542 3.665887 1.765029 0.000000 0.000000
 13.100001 5.391359 7.877409 3.668608 1.598631 0.000000 0.000000
 13.120001 5.393072 7.878119 3.667464 1.580896 0.000000 0.000000
 13.140001 5.390995 7.862255 3.661584 1.819145 0.000000 0.000000
 13.160001 5.391377 7.865697 3.665895 1.755063 0.000000 0.000000
 13.180001 5.402146 7.862634 3.660859 1.705912 0.000000 0.000000
 13.200001 5.394627 7.852044 3.657052 1.920212 0.000000 0.000000
 13.220001 5.392649 7.850799 3.664019 1.925688 0.000000 0.000000
 13.240001 5.392410 7.843883 3.663744 2.004986 0.000000 0.000000
 13.260001 5.392059 7.845985 3.669936 1.951155 0.000000 0.000000
 13.280001 5.387560 7.842055 3.673289 2.016459 0.000000 0.000000
 13.300001 5.373622 7.839460 3.678882 2.133042 0.000000 0.000000
 13.320001 5.372398 7.843240 3.684227 2.053296 0.000000 0.000000
 13.340001 5.373774 7.839276 3.684211 2.084559 0.000000 0.000000
 13.360001 5.357124 7.834711 3.688963 2.207564 0.000000 0.000000
 13.380001 5.347287 7.826988 3.690144 2.332010 0.000000 0.000000
 13.400001 5.346000 7.818144 3.689470 2.434574 0.000000 0.000000
 13.420001 5.340488 7.811835 3.689943 2.513629 0.000000 0.000000
 13.440001 5.331279 7.799218 3.690102 2.650987 0.000000 0.000000
 13.460001 5.321815 7.793879 3.687380 2.771125 0.000000 0.000000
 13.480001 5.328995 7.785474 3.687398 2.781313 0.000000 0.000000
 13.500001 5.326838 7.770940 3.683789 2.894838 0.000000 0.000000
 13.520001 5.319659 7.763250 3.687787 2.861776 0.000000 0.000000
 13.540001 5.313071 7.746687 3.680871 2.981289 0.000000 0.000000
 13.560001 5.317447 7.739061 3.683840 2.863741 0.000000 0.000000
 13.580001 5.316763 7.733659 3.683061 2.845990 0.000000 0.000000
 13.600001 5.311022 7.724564 3.684710 2.768781 0.000000 0.000000
 13.620001 5.310975 7.728256 3.680153 2.887285 0.000000 0.000000
 13.640001 5.318218 7.721717 3.681920 2.755901 0.000000 0.000000
 13.660001 5.311591 7.713174 3.683675 2.667785 0.000000 0.000000
 13.680001 5.312205 7.721921 3.691116 2.616572 0.000000 0.000000
 13.700001 5.307680 7.712508 3.687297 2.609629 0.000000 0.000000
 13.720001 5.307308 7.711681 3.690642 2.538213 0.000000 0.000000
 13.740001 5.309564 7.721369 3.692971 2.585663 0.000000 0.000000
 13.760001 5.303642 7.707985 3.692320 2.475836 0.000000 0.000000
 13.780001 5.304929 7.722826 3.690003 2.673490 0.000000 0.000000
 13.800001 5.309326 7.724930 3.696326 2.552788 0.000000 0.000000
 13.820001 5.305099 7.714109 3.694422 2.499183 0.000000 0.000000
 13.840001 5.308918 7.734061 3.696884 2.614094 0.000000 0.000000
 13.860001 5.308283 7.726091 3.689813 2.695046 0.000000 0.000000
 13.880001 5.305656 7.724382 3.691844 2.648822 0.000000 0.000000
 13.900001 5.307277 7.737614 3.690396 2.772257 0.000000 0.000000
 13.920001 5.308223 7.718276 3.687387 2.668190 0.000000 0.000000
 13.940001 5.309823 7.725207 3.677287 2.918661 0.000000 0.000000
 13.960001 5.308096 7.725678 3.678313 2.912256 0.000000 0.000000
 13.980001 5.307603 7.708060 3.674498 2.790215 0.000000 0.000000
 14.000001 5.317344 7.722877 3.669357 2.990414 0.000000 0.000000
 14.020001 5.312100 7.713555 3.659088 3.446899 0.000000 0.000000
 14.040001 5.308585 7.714348 3.660554 3.456175 0.000000 0.000000
 14.060001 5.313700 7.728616 3.660381 3.576279 0.000000 0.000000
 14.080001 5.313076 7.724075 3.662741 3.500537 0.000000 0.000000
 14.100001 5.306481 7.733309 3.664947 3.581941 0.000000 0.000000
 14.120001 5.307776 7.742640 3.680571 3.342065 0.000000 0.000000
 14.140001 5.312614 7.738852 3.675716 3.394483 0.000000 0.000000
 14.160001 5.322519 7.757710 3.682979 3.263312 0.000000 0.000000
 14.180001 5.316039 7.766853 3.682188 3.307438 0.000000 0.000000
 14.200001 5.321920 7.775734 3.692812 3.056628 0.000000 0.000000
 14.220001 5.335685 7.798393 3.698071 2.762728 0.000000 0.000000
 14.240001 5.343302 7.800351 3.702403 2.631217 0.000000 0.000000
 14.260001 5.338834 7.810600 3.701454 2.585468 0.000000 0.000000
 14.280001 5.351011 7.803981 3.701987 2.559922 0.000000 0.000000
 14.300001 5.362542 7.811934 3.699080 2.449042 0.000000 0.000000
 14.320001 5.368721 7.817478 3.703808 2.280861 0.000000 0.000000
 14.340001 5.374636 7.802566 3.697418 2.421934 0.000000 0.000000
 14.360001 5.378026 7.813832 3.700351 2.268534 0.000000 0.000000
 14.380001 5.391173 7.815003 3.699426 2.123126 0.000000 0.000000
 14.400001 5.392863 7.807601 3.703324 2.101622 0.000000 0.000000
 14.420001 5.386161 7.810203 3.708022 2.104341 0.000000 0.000000
 14.440001 5.395915 7.805284 3.713690 1.944669 0.000000 0.000000
 14.460001 5.401271 7.811697 3.714292 1.842667 0.000000 0.000000
 14.480001 5.395222 7.810901 3.720632 1.832896 0.000000 0.000000
 14.500001 5.396198 7.802642 3.718439 1.889691 0.000000 0.000000
 14.520001 5.402426 7.814901 3.716827 1.781235 0.000000 0.000000
 14.540001 5.404749 7.819248 3.714926 1.753168 0.000000 0.000000
 14.560001 5.401602 7.812990 3.717086 1.797504 0.000000 0.000000
 14.580001 5.393138 7.827112 3.716570 1.805925 0.000000 0.000000
 14.600001 5.398015 7.831639 3.721712 1.662447 0.000000 0.000000
 14.620001 5.398603 7.832353 3.733302 1.509606 0.000000 0.000000
 14.640001 5.385307 7.848122 3.731806 1.508232 0.000000 0.000000
 14.660001 5.387877 7.841048 3.744241 1.390176 0.000000 0.000000
 14.680001 5.389921 7.850466 3.747656 1.267088 0.000000 0.000000
 14.700001 5.386396 7.852815 3.751733 1.220013 0.000000 0.000000
 14.720001 5.384667 7.833318 3.764788 1.188054 0.000000 0.000000
 14.740001 5.383558 7.848485 3.769944 1.041263 0.000000 0.000000
 14.760001 5.387039 7.837777 3.777568 0.991818 0.000000 0.000000
 14.780001 5.383520 7.825298 3.786512 0.949775 0.000000 0.000000
 14.800001 5.384010 7.833829 3.783228 0.953639 0.000000 0.000000
 14.820001 5.389875 7.820132 3.802762 0.752327 0.000000 0.000000
 14.840001 5.391188 7.820281 3.806140 0.711301 0.000000 0.000000
 14.860001 5.388179 7.819500 3.814736 0.634336 0.000000 0.000000
 14.880001 5.388447 7.807002 3.817658 0.626977 0.000000 0.000000
 14.900001 5.401734 7.813177 3.827052 0.496136 0.000000 0.000000
 14.920001 5.400677 7.803346 3.828843 0.495576 0.000000 0.000000
 14.940001 5.401274 7.804792 3.837263 0.426039 0.000000 0.000000
 14.960001 5.406491 7.796626 3.838195 0.412398 0.000000 0.000000
 14.980001 5.415342 7.788483 3.852829 0.299300 0.000000 0.000000
 15.000001 5.417451 7.790301 3.851129 0.304272 0.000000 0.000000
 15.020001 5.419696 7.784537 3.859595 1.310813 0.000000 0.000000
 15.040001 5.425276 7.781348 3.857186 1.308781 0.000000 0.000000
 15.060001 5.435630 7.773431 3.865731 1.216950 0.000000 0.000000
 15.080001 5.435892 7.770634 3.865528 1.211433 0.000000 0.000000
 15.100001 5.440816 7.769543 3.870691 1.162125 0.000000 0.000000
 15.120001 5.448118 7.769728 3.864719 1.161434 0.000000 0.000000
 15.140001 5.462097 7.764043 3.872298 1.039115 0.000000 0.000000
 15.160001 5.462929 7.769038 3.865423 1.076761 0.000000 0.000000
 15.180001 5.469155 7.765872 3.867404 1.023574 0.000000 0.000000
 15.200001 5.473510 7.758808 3.858501 1.010184 0.000000 0.000000
 15.220001 5.483633 7.759986 3.860319 0.938110 0.000000 0.000000
 15.240001 5.480511 7.754040 3.857934 0.949281 0.000000 0.000000
 15.260001 5.486485 7.761074 3.857726 0.928592 0.000000 0.000000
 15.280001 5.491239 7.750470 3.855899 0.867237 0.000000 0.000000
 15.300001 5.501285 7.754824 3.863622 0.787448 0.000000 0.000000
 15.320001 5.497122 7.757898 3.851973 0.855732 0.000000 0.000000
 15.340001 5.501493 7.749362 3.859452 0.780529 0.000000 0.000000
 15.360001 5.508861 7.754906 3.855395 0.751216 0.000000 0.000000
 15.380001 5.512071 7.759000 3.860814 0.725550 0.000000 0.000000
 15.400001 5.509762 7.752999 3.858713 0.732430 0.000000 0.000000
 15.420001 5.517387 7.760334 3.850037 0.709110 0.000000 0.000000
 15.440001 5.524038 7.751685 3.849105 0.640586 0.000000 0.000000
 15.460001 5.519701 7.754379 3.851235 0.676184 0.000000 0.000000
 15.480001 5.517637 7.749170 3.843712 0.689464 0.000000 0.000000
 15.500001 5.517228 7.751366 3.852128 0.685608 0.000000 0.000000
 15.520001 5.517343 7.751560 3.846602 0.694028 0.000000 0.000000
 15.540001 5.514910 7.755442 3.846566 0.722641 0.000000 0.000000
 15.560001 5.507526 7.756145 3.835109 0.799776 0.000000 0.000000
 15.580001 5.509287 7.761958 3.836647 0.797509 0.000000 0.000000
 15.600001 5.507251 7.764832 3.837853 0.818679 0.000000 0.000000
 15.620001 5.499336 7.771591 3.834442 0.902765 0.000000 0.000000
 15.640001 5.495872 7.763305 3.830915 0.920644 0.000000 0.000000
 15.660001 5.496395 7.767903 3.835959 0.918030 0.000000 0.000000
 15.680001 5.493323 7.768482 3.835221 0.946107 0.000000 0.000000
 15.700001 5.490844 7.764409 3.835465 0.957095 0.000000 0.000000
 15.720001 5.491343 7.782140 3.827650 0.995823 0.000000 0.000000
 15.740001 5.499887 7.784524 3.825678 0.925238 0.000000 0.000000
 15.760001 5.507463 7.788335 3.826137 0.859096 0.000000 0.000000
 15.780001 5.507093 7.800197 3.820230 0.864288 0.000000 0.000000
 15.800001 5.511481 7.803696 3.825885 0.817322 0.000000 0.000000
 15.820001 5.513475 7.808632 3.827972 0.792228 0.000000 0.000000
 15.840001 5.518620 7.817167 3.822205 0.739619 0.000000 0.000000
 15.860001 5.518753 7.808739 3.823978 0.750396 0.000000 0.000000
 15.880001 5.520877 7.813757 3.818739 0.728554 0.000000 0.000000
 15.900001 5.526015 7.818362 3.821863 0.676675 0.000000 0.000000
 15.920001 5.523440 7.817966 3.826723 0.695129 0.000000 0.000000
 15.940001 5.528241 7.825219 3.813785 0.649336 0.000000 0.000000
 15.960001 5.526195 7.827580 3.820935 0.657380 0.000000 0.000000
 15.980001 5.529511 7.833221 3.818365 0.619600 0.000000 0.000000
 16.000001 5.534397 7.848711 3.813972 0.543425 0.000000 0.000000
 16.020001 5.529440 7.848098 3.817210 1.541423 0.000000 0.000000
 16.040001 5.538880 7.858474 3.808773 1.442120 0.000000 0.000000
 16.060001 5.545656 7.861068 3.806428 1.382590 0.000000 0.000000
 16.080001 5.538846 7.858619 3.811982 1.442494 0.000000 0.000000
 16.100001 5.547370 7.861703 3.799273 1.359902 0.000000 0.000000
 16.120001 5.545526 7.856232 3.810477 1.403179 0.000000 0.000000
 16.140001 5.549269 7.847908 3.809249 1.397846 0.000000 0.000000
 16.160001 5.555484 7.847134 3.808608 1.349746 0.000000 0.000000
 16.180001 5.545705 7.829083 3.819074 1.447227 0.000000 0.000000
 16.200001 5.551580 7.831059 3.820768 1.397331 0.000000 0.000000
 16.220001 5.555072 7.823881 3.820255 1.365005 0.000000 0.000000
 16.240001 5.549010 7.813524 3.825623 1.395992 0.000000 0.000000
 16.260001 5.561146 7.810550 3.820516 1.288839 0.000000 0.000000
 16.280001 5.551479 7.806010 3.829129 1.350768 0.000000 0.000000
 16.300001 5.550997 7.798100 3.823176 1.335986 0.000000 0.000000
 16.320001 5.546550 7.799915 3.821847 1.381980 0.000000 0.000000
 16.340001 5.544600 7.788500 3.824733 1.346223 0.000000 0.000000
 16.360001 5.548314 7.794084 3.824949 1.340491 0.000000 0.000000
 16.380001 5.548201 7.786801 3.820799 1.311293 0.000000 0.000000
 16.400001 5.543209 7.784775 3.825808 1.337484 0.000000 0.000000
 16.420001 5.545743 7.792978 3.814788 1.364081 0.000000 0.000000
 16.440001 5.544512 7.780036 3.818140 1.307351 0.000000 0.000000
 16.460001 5.542151 7.779844 3.803211 1.321351 0.000000 0.000000
 16.480001 5.537257 7.776474 3.804405 1.343814 0.000000 0.000000
 16.500001 5.535697 7.760107 3.798976 1.237663 0.000000 0.000000
 16.520001 5.534517 7.763620 3.796363 1.269892 0.000000 0.000000
 16.540001 5.532342 7.746152 3.784323 1.129805 0.000000 0.000000
 16.560001 5.526305 7.744859 3.786581 1.171073 0.000000 0.000000
 16.580001 5.528901 7.740384 3.777567 1.096039 0.000000 0.000000
 16.600001 5.527834 7.730295 3.784500 1.032254 0.000000 0.000000
 16.620001 5.526556 7.722563 3.772449 0.954964 0.000000 0.000000
 16.640001 5.521139 7.718533 3.777960 0.967858 0.000000 0.000000
 16.660001 5.519448 7.703352 3.774965 0.840491 0.000000 0.000000
 16.680001 5.520977 7.702356 3.780868 0.828544 0.000000 0.000000
 16.700001 5.511640 7.682169 3.776817 0.705976 0.000000 0.000000
 16.720001 5.505387 7.684021 3.780201 0.758876 0.000000 0.000000
 16.740001 5.507127 7.672498 3.780549 0.650461 0.000000 0.000000
 16.760001 5.503604 7.670868 3.782877 0.655076 0.000000 0.000000
 16.780001 5.502246 7.661393 3.768364 0.581854 0.000000 0.000000
 16.800001 5.504413 7.666246 3.765502 0.607752 0.000000 0.000000
 16.820001 5.504050 7.658652 3.759279 0.549739 0.000000 0.000000
 16.840001 5.508670 7.664570 3.746651 0.563853 0.000000 0.000000
 16.860001 5.494565 7.651188 3.748062 0.541443 0.000000 0.000000
 16.880001 5.497353 7.657678 3.740561 0.574128 0.000000 0.000000
 16.900001 5.501396 7.656603 3.739110 0.543688 0.000000 0.000000
 16.920001 5.494881 7.650736 3.745124 0.536517 0.000000 0.000000
 16.940001 5.488199 7.647454 3.732273 0.549660 0.000000 0.000000
 16.960001 5.489227 7.635683 3.731476 0.462694 0.000000 0.000000
 16.980001 5.482863 7.623590 3.726967 0.418710 0.000000 0.000000
 17.000001 5.485496 7.634053 3.728349 0.471801 0.000000 0.000000
 17.020001 5.472675 7.621669 3.731956 1.423358 0.000000 0.000000
 17.040001 5.472883 7.622858 3.728458 1.436314 0.000000 0.000000
 17.060001 5.473012 7.618942 3.718831 1.410596 0.000000 0.000000
 17.080001 5.465938 7.608232 3.715471 1.343220 0.000000 0.000000
 17.100001 5.464068 7.611218 3.706857 1.371706 0.000000 0.000000
 17.120001 5.464630 7.613259 3.703862 1.385590 0.000000 0.000000
 17.140001 5.464324 7.612701 3.696182 1.372815 0.000000 0.000000
 17.160001 5.460687 7.621172 3.684453 1.440458 0.000000 0.000000
 17.180001 5.452011 7.623329 3.675836 1.478418 0.000000 0.000000
 17.200001 5.449763 7.634335 3.676065 1.593281 0.000000 0.000000
 17.220001 5.442946 7.642297 3.680096 1.715340 0.000000 0.000000
 17.240001 5.433104 7.640687 3.670837 1.745939 0.000000 0.000000
 17.260001 5.428210 7.650407 3.675878 1.885142 0.000000 0.000000
 17.280001 5.422784 7.654006 3.682002 1.959162 0.000000 0.000000
 17.300001 5.413172 7.666428 3.685135 2.162006 0.000000 0.000000
 17.320001 5.406066 7.670454 3.683503 2.262968 0.000000 0.000000
 17.340001 5.402330 7.676673 3.676286 2.384856 0.000000 0.000000
 17.360001 5.400104 7.677341 3.673657 2.418124 0.000000 0.000000
 17.380001 5.391142 7.689658 3.678164 2.627342 0.000000 0.000000
 17.400001 5.377146 7.689180 3.677515 2.740957 0.000000 0.000000
 17.420001 5.370288 7.697062 3.695752 2.747625 0.000000 0.000000
 17.440001 5.361661 7.696719 3.692615 2.816925 0.000000 0.000000
 17.460001 5.353290 7.702012 3.699313 2.844150 0.000000 0.000000
 17.480001 5.346289 7.706918 3.699088 2.929206 0.000000 0.000000
 17.500001 5.335200 7.710485 3.707598 2.875131 0.000000 0.000000
 17.520001 5.327811 7.720003 3.716819 2.824766 0.000000 0.000000
 17.540001 5.317382 7.735042 3.722542 2.815956 0.000000 0.000000
 17.560001 5.309951 7.738612 3.715479 2.936915 0.000000 0.000000
 17.580001 5.303814 7.760103 3.727508 2.742949 0.000000 0.000000
 17.600001 5.294709 7.769299 3.723939 2.747213 0.000000 0.000000
 17.620001 5.286738 7.775038 3.732253 2.513933 0.000000 0.000000
 17.640001 5.280829 7.782635 3.728933 2.499699 0.000000 0.000000
 17.660001 5.275740 7.782134 3.733162 2.377987 0.000000 0.000000
 17.680001 5.276338 7.784695 3.732776 2.377791 0.000000 0.000000
 17.700001 5.268574 7.786020 3.729954 2.360209 0.000000 0.000000
 17.720001 5.265338 7.781977 3.725120 2.449021 0.000000 0.000000
 17.740001 5.266927 7.787368 3.734224 2.255828 0.000000 0.000000
 17.760001 5.257923 7.785288 3.720801 2.449279 0.000000 0.000000
 17.780001 5.258623 7.784131 3.723099 2.416722 0.000000 0.000000
 17.800001 5.253605 7.791904 3.716096 2.457866 0.000000 0.000000
 17.820001 5.251256 7.787976 3.715254 2.481557 0.000000 0.000000
 17.840001 5.254636 7.786875 3.709142 2.646927 0.000000 0.000000
 17.860001 5.243860 7.784241 3.701172 2.735193 0.000000 0.000000
 17.880001 5.247615 7.781228 3.693411 2.958972 0.000000 0.000000
 17.900001 5.255106 7.777682 3.694231 3.030296 0.000000 0.000000
 17.920001 5.245547 7.775849 3.683164 3.199061 0.000000 0.000000
 17.940001 5.253450 7.773496 3.680453 3.337213 0.000000 0.000000
 17.960001 5.245965 7.768795 3.665673 3.613487 0.000000 0.000000
 17.980001 5.253556 7.761418 3.659597 3.814546 0.000000 0.000000
 18.000001 5.254469 7.758818 3.654489 3.924898 0.000000 0.000000
 18.020001 5.245462 7.754416 3.652616 4.170314 0.000000 0.000000
 18.040001 5.248906 7.755526 3.640428 4.403385 0.000000 0.000000
 18.060001 5.246121 7.760273 3.636464 4.438724 0.000000 0.000000
 18.080001 5.235998 7.753947 3.630183 4.504134 0.000000 0.000000
 18.100001 5.240540 7.761137 3.631365 4.485093 0.000000 0.000000
 18.120001 5.231805 7.760952 3.631605 4.434449 0.000000 0.000000
 18.140001 5.234203 7.761233 3.626271 4.526648 0.000000 0.000000
 18.160001 5.223501 7.760147 3.625976 4.474963 0.000000 0.000000
 18.180001 5.215638 7.755716 3.624203 4.466561 0.000000 0.000000
 18.200001 5.214418 7.752609 3.611307 4.642158 0.000000 0.000000
 18.220001 5.210979 7.752693 3.612464 4.604288 0.000000 0.000000
 18.240001 5.202148 7.748725 3.607858 4.603737 0.000000 0.000000
 18.260001 5.197801 7.755707 3.605167 4.586940 0.000000 0.000000
 18.280001 5.181221 7.756225 3.598116 4.516560 0.000000 0.000000
 18.300001 5.178012 7.757282 3.587494 4.580601 0.000000 0.000000
 18.320001 5.169534 7.762502 3.587038 4.473441 0.000000 0.000000
 18.340001 5.170964 7.755799 3.572392 4.607557 0.000000 0.000000
 18.360001 5.169069 7.754950 3.564824 4.607826 0.000000 0.000000
 18.380001 5.160764 7.755856 3.563668 4.522493 0.000000 0.000000
 18.400001 5.150114 7.744886 3.552760 4.405033 0.000000 0.000000
 18.420001 5.143358 7.751945 3.555698 4.327101 0.000000 0.000000
 18.440001 5.140877 7.748166 3.553280 4.293087 0.000000 0.000000
 18.460001 5.136154 7.742844 3.557042 4.219656 0.000000 0.000000
 18.480001 5.130870 7.746485 3.558632 4.144846 0.000000 0.000000
 18.500001 5.122359 7.744986 3.550570 4.004201 0.000000 0.000000
 18.520001 5.113763 7.744664 3.551491 3.851005 0.000000 0.000000
 18.540001 5.104544 7.744423 3.551341 3.675933 0.000000 0.000000
 18.560001 5.105067 7.742175 3.552003 3.679168 0.000000 0.000000
 18.580001 5.094627 7.749629 3.553488 3.484515 0.000000 0.000000
 18.600001 5.088650 7.752161 3.552315 3.363748 0.000000 0.000000
 18.620001 5.081784 7.758351 3.555030 3.209365 0.000000 0.000000
 18.640001 5.080158 7.760296 3.553049 3.175742 0.000000 0.000000
 18.660001 5.081127 7.758437 3.547059 3.205794 0.000000 0.000000
 18.680001 5.078681 7.754530 3.542265 3.153364 0.000000 0.000000
 18.700001 5.072117 7.751792 3.533979 2.993763 0.000000 0.000000
 18.720001 5.080654 7.746117 3.530776 3.153768 0.000000 0.000000
 18.740001 5.083028 7.745318 3.527211 3.183502 0.000000 0.000000
 18.760001 5.090443 7.745319 3.533602 3.365350 0.000000 0.000000
 18.780001 5.092263 7.739923 3.536985 3.395954 0.000000 0.000000
 18.800001 5.105816 7.746811 3.539227 3.689319 0.000000 0.000000
 18.820001 5.116719 7.751677 3.541169 3.895695 0.000000 0.000000
 18.840001 5.116010 7.755246 3.547263 3.895552 0.000000 0.000000
 18.860001 5.117891 7.760179 3.543642 3.911180 0.000000 0.000000
 18.880001 5.128414 7.766101 3.543717 4.051636 0.000000 0.000000
 18.900001 5.129140 7.765427 3.544131 4.067063 0.000000 0.000000
 18.920001 5.131090 7.774623 3.549891 4.045162 0.000000 0.000000
 18.940001 5.135151 7.773701 3.550870 4.110104 0.000000 0.000000
 18.960001 5.147419 7.783892 3.553743 4.154198 0.000000 0.000000
 18.980001 5.146542 7.793044 3.558182 4.014324 0.000000 0.000000
 19.000001 5.146852 7.803944 3.567904 3.807714 0.000000 0.000000
 19.020001 5.152962 7.818253 3.571300 3.820347 0.000000 0.000000
 19.040001 5.149991 7.836817 3.580068 3.303504 0.000000 0.000000
 19.060001 5.139372 7.853629 3.583784 2.763723 0.000000 0.000000
 19.080001 5.136630 7.869733 3.594646 2.263957 0.000000 0.000000
 19.100001 5.131951 7.879772 3.601867 1.939736 0.000000 0.000000
 19.120001 5.133337 7.900581 3.608796 1.463473 0.000000 0.000000
 19.140001 5.133563 7.904177 3.619232 1.321166 0.000000 0.000000
 19.160001 5.127539 7.907311 3.623786 1.200037 0.000000 0.000000
 19.180001 5.131557 7.918544 3.625929 1.024522 0.000000 0.000000
 19.200001 5.135888 7.925596 3.634402 0.886679 0.000000 0.000000
 19.220001 5.128752 7.928320 3.637727 0.803086 0.000000 0.000000
 19.240001 5.127451 7.926366 3.638553 0.818138 0.000000 0.000000
 19.260001 5.129998 7.931372 3.639720 0.758346 0.000000 0.000000
 19.280001 5.134345 7.933788 3.642548 0.729072 0.000000 0.000000
 19.300001 5.136910 7.927050 3.648651 0.784839 0.000000 0.000000
 19.320001 5.136162 7.925272 3.647669 0.810317 0.000000 0.000000
 19.340001 5.144276 7.932557 3.647864 0.748510 0.000000 0.000000
 19.360001 5.147477 7.930928 3.651921 0.755930 0.000000 0.000000
 19.380001 5.149905 7.926401 3.654553 0.804754 0.000000 0.000000
 19.400001 5.151225 7.930556 3.658353 0.735477 0.000000 0.000000
 19.420001 5.160510 7.932727 3.661496 0.723633 0.000000 0.000000
 19.440001 5.168298 7.931217 3.665409 0.746150 0.000000 0.000000
 19.460001 5.168323 7.925936 3.669270 0.786886 0.000000 0.000000
 19.480001 5.175687 7.913395 3.669922 0.978946 0.000000 0.000000
 19.500001 5.189535 7.913462 3.673430 1.013348 0.000000 0.000000
 19.520001 5.191544 7.909507 3.675714 1.063109 0.000000 0.000000
 19.540001 5.204842 7.899053 3.675631 1.298751 0.000000 0.000000
 19.560001 5.206221 7.899670 3.679227 1.263405 0.000000 0.000000
 19.580001 5.216867 7.889410 3.678185 1.509705 0.000000 0.000000
 19.600001 5.221674 7.878633 3.674322 1.783091 0.000000 0.000000
 19.620001 5.224203 7.875281 3.680187 1.795377 0.000000 0.000000
 19.640001 5.236461 7.854957 3.679601 2.291390 0.000000 0.000000
 19.660001 5.251763 7.850623 3.685974 2.397003 0.000000 0.000000
 19.680001 5.253350 7.843927 3.682689 2.590105 0.000000 0.000000
 19.700001 5.267987 7.821992 3.681255 3.119739 0.000000 0.000000
 19.720001 5.268607 7.819457 3.680437 3.181150 0.000000 0.000000
 19.740001 5.283014 7.805587 3.678876 3.490955 0.000000 0.000000
 19.760001 5.293346 7.792012 3.678893 3.690888 0.000000 0.000000
 19.780001 5.298484 7.789376 3.687434 3.577799 0.000000 0.000000
 19.800001 5.311690 7.771935 3.686454 3.718666 0.000000 0.000000
 19.820001 5.321637 7.772402 3.685033 3.719128 0.000000 0.000000
 19.840001 5.322758 7.770067 3.679118 3.813442 0.000000 0.000000
 19.860001 5.334551 7.756758 3.686843 3.660599 0.000000 0.000000
 19.880001 5.339761 7.764551 3.690348 3.583922 0.000000 0.000000
 19.900001 5.351119 7.756945 3.692964 3.479140 0.000000 0.000000
 19.920001 5.357780 7.755742 3.695318 3.400944 0.000000 0.000000
 19.940001 5.360555 7.760808 3.697700 3.356650 0.000000 0.000000
 19.960001 5.370726 7.747953 3.703763 3.190644 0.000000 0.000000
