#! FIELDS time fragment_position.x fragment_position.y fragment_position.z metad_position.bias wall_lower.bias wall_upper.bias
 0.000000 5.122887 8.177065 4.423769 0.000000 0.000000 0.000000
 0.020000 5.118239 8.175531 4.423130 0.000000 0.000000 0.000000
 0.040000 5.111899 8.173011 4.421349 0.000000 0.000000 0.000000
 0.060000 5.107429 8.169719 4.420431 0.000000 0.000000 0.000000
 0.080000 5.103794 8.166043 4.419284 0.000000 0.000000 0.000000
 0.100000 5.102089 8.161924 4.417810 0.000000 0.000000 0.000000
 0.120000 5.100667 8.158916 4.415495 0.000000 0.000000 0.000000
 0.140000 5.100679 8.158229 4.412941 0.000000 0.000000 0.000000
 0.160000 5.103225 8.158183 4.408885 0.000000 0.000000 0.000000
 0.180000 5.104063 8.159984 4.404835 0.000000 0.000000 0.000000
 0.200000 5.106614 8.164602 4.399875 0.000000 0.000000 0.000000
 0.220000 5.110752 8.168810 4.393640 0.000000 0.000000 0.000000
 0.240000 5.115269 8.171895 4.388238 0.000000 0.000000 0.000000
 0.260000 5.119692 8.176219 4.380306 0.000000 0.000000 0.000000
 0.280000 5.126469 8.179808 4.372759 0.000000 0.000000 0.000000
 0.300000 5.133886 8.182413 4.364854 0.000000 0.000000 0.000000
 0.320000 5.139349 8.184694 4.357188 0.000000 0.000000 0.000000
 0.340000 5.142805 8.187221 4.351480 0.000000 0.000000 0.000000
 0.360000 5.143578 8.189390 4.344895 0.000000 0.000000 0.000000
 0.380000 5.144346 8.191271 4.338414 0.000000 0.000000 0.000000
 0.400000 5.144652 8.194071 4.333077 0.000000 0.000000 0.000000
 0.420000 5.147345 8.198169 4.329296 0.000000 0.000000 0.000000
 0.440000 5.149710 8.203409 4.325227 0.000000 0.000000 0.000000
 0.460000 5.153436 8.207786 4.324087 0.000000 0.000000 0.000000
 0.480000 5.158373 8.212519 4.323249 0.000000 0.000000 0.000000
 0.500000 5.162111 8.215469 4.323504 0.000000 0.000000 0.000000
 0.520000 5.166797 8.215690 4.324379 0.000000 0.000000 0.000000
 0.540000 5.167231 8.214237 4.325461 0.000000 0.000000 0.000000
 0.560000 5.169059 8.211920 4.326149 0.000000 0.000000 0.000000
 0.580000 5.170210 8.209020 4.326691 0.000000 0.000000 0.000000
 0.600000 5.169964 8.204972 4.327707 0.000000 0.000000 0.000000
 0.620000 5.168185 8.200394 4.330518 0.000000 0.000000 0.000000
 0.640000 5.167036 8.195390 4.332639 0.000000 0.000000 0.000000
 0.660000 5.164648 8.190722 4.334564 0.000000 0.000000 0.000000
 0.680000 5.160726 8.186451 4.335989 0.000000 0.000000 0.000000
 0.700000 5.157620 8.182392 4.338794 0.000000 0.000000 0.000000
 0.720000 5.152934 8.178791 4.339246 0.000000 0.000000 0.000000
 0.740000 5.148933 8.174633 4.342750 0.000000 0.000000 0.000000
 0.760000 5.143657 8.172382 4.347124 0.000000 0.000000 0.000000
 0.780000 5.140040 8.170659 4.352477 0.000000 0.000000 0.000000
 0.800000 5.136288 8.169530 4.359235 0.000000 0.000000 0.000000
 0.820000 5.134245 8.169072 4.367751 0.000000 0.000000 0.000000
 0.840000 5.133499 8.168353 4.377616 0.000000 0.000000 0.000000
 0.860000 5.131407 8.167924 4.385968 0.000000 0.000000 0.000000
 0.880000 5.128534 8.167584 4.393391 0.000000 0.000000 0.000000
 0.900000 5.123543 8.167561 4.400002 0.000000 0.000000 0.000000
 0.920000 5.117201 8.168810 4.404473 0.000000 0.000000 0.000000
 0.940000 5.111567 8.170936 4.407559 0.000000 0.000000 0.000000
 0.960000 5.106579 8.173378 4.409264 0.000000 0.000000 0.000000
 0.980000 5.102467 8.176738 4.410227 0.000000 0.000000 0.000000
 1.000000 5.099068 8.180668 4.409484 0.000000 0.000000 0.000000
 1.020000 5.096946 8.183369 4.409052 1.198530 0.000000 0.000000
 1.040000 5.094795 8.186351 4.408062 1.196033 0.000000 0.000000
 1.060000 5.094062 8.186788 4.405987 1.194735 0.000000 0.000000
 1.080000 5.093369 8.185343 4.402739 1.193298 0.000000 0.000000
 1.100000 5.090909 8.182442 4.398758 1.188298 0.000000 0.000000
 1.120000 5.089916 8.179312 4.393626 1.179232 0.000000 0.000000
 1.140000 5.089645 8.175022 4.386743 1.161476 0.000000 0.000000
 1.160000 5.089592 8.170461 4.380488 1.138496 0.000000 0.000000
 1.180000 5.089350 8.166411 4.376636 1.119101 0.000000 0.000000
 1.200000 5.091230 8.161695 4.373337 1.099498 0.000000 0.000000
 1.220000 5.091418 8.157468 4.369295 1.073204 0.000000 0.000000
 1.240000 5.090201 8.153383 4.368106 1.056003 0.000000 0.000000
 1.260000 5.089711 8.149890 4.368786 1.047797 0.000000 0.000000
 1.280000 5.088973 8.146213 4.371584 1.045991 0.000000 0.000000
 1.300000 5.088954 8.141396 4.376794 1.046665 0.000000 0.000000
 1.320000 5.089242 8.139451 4.381037 1.052403 0.000000 0.000000
 1.340000 5.091241 8.137440 4.382927 1.050826 0.000000 0.000000
 1.360000 5.093285 8.136098 4.382673 1.045404 0.000000 0.000000
 1.380000 5.098834 8.134256 4.382399 1.037692 0.000000 0.000000
 1.400000 5.107384 8.133203 4.380560 1.023906 0.000000 0.000000
 1.420000 5.114379 8.132993 4.376412 1.001713 0.000000 0.000000
 1.440000 5.121013 8.132777 4.373175 0.977487 0.000000 0.000000
 1.460000 5.123837 8.132821 4.368052 0.952194 0.000000 0.000000
 1.480000 5.124256 8.132920 4.364442 0.936983 0.000000 0.000000
 1.500000 5.121212 8.132619 4.360881 0.926909 0.000000 0.000000
 1.520000 5.116818 8.132423 4.358646 0.923864 0.000000 0.000000
 1.540000 5.113033 8.130569 4.356595 0.911222 0.000000 0.000000
 1.560000 5.109858 8.127360 4.356352 0.898544 0.000000 0.000000
 1.580000 5.107041 8.126208 4.356338 0.895212 0.000000 0.000000
 1.600000 5.102959 8.126371 4.355292 0.893067 0.000000 0.000000
 1.620000 5.100771 8.126115 4.355581 0.893737 0.000000 0.000000
 1.640000 5.099196 8.126545 4.353201 0.884272 0.000000 0.000000
 1.660000 5.096487 8.127653 4.352156 0.883963 0.000000 0.000000
 1.680000 5.091630 8.129271 4.349497 0.875550 0.000000 0.000000
 1.700000 5.089899 8.130323 4.348314 0.872720 0.000000 0.000000
 1.720000 5.087946 8.131297 4.347643 0.871647 0.000000 0.000000
 1.740000 5.086885 8.131366 4.347709 0.871238 0.000000 0.000000
 1.760000 5.089580 8.128849 4.352318 0.886687 0.000000 0.000000
 1.780000 5.094494 8.127129 4.357394 0.906462 0.000000 0.000000
 1.800000 5.098348 8.124365 4.362881 0.918150 0.000000 0.000000
 1.820000 5.096436 8.124046 4.365930 0.928808 0.000000 0.000000
 1.840000 5.094006 8.123057 4.369994 0.938339 0.000000 0.000000
 1.860000 5.090063 8.122744 4.373861 0.947699 0.000000 0.000000
 1.880000 5.085169 8.121818 4.375879 0.943978 0.000000 0.000000
 1.900000 5.079434 8.121851 4.376633 0.937615 0.000000 0.000000
 1.920000 5.075542 8.120069 4.378337 0.925046 0.000000 0.000000
 1.940000 5.075733 8.118278 4.380535 0.921394 0.000000 0.000000
 1.960000 5.075494 8.117990 4.381115 0.920754 0.000000 0.000000
 1.980000 5.075068 8.116245 4.384349 0.917619 0.000000 0.000000
 2.000000 5.075915 8.115669 4.385994 0.919712 0.000000 0.000000
 2.020000 5.076105 8.115362 4.388325 1.752297 0.000000 0.000000
 2.040000 5.076416 8.115402 4.390988 1.757363 0.000000 0.000000
 2.060000 5.077662 8.116925 4.391285 1.769336 0.000000 0.000000
 2.080000 5.078785 8.118361 4.393182 1.781889 0.000000 0.000000
 2.100000 5.079875 8.120708 4.393174 1.796719 0.000000 0.000000
 2.120000 5.081610 8.123570 4.393009 1.813830 0.000000 0.000000
 2.140000 5.085271 8.126914 4.393508 1.833641 0.000000 0.000000
 2.160000 5.091240 8.130732 4.391864 1.848248 0.000000 0.000000
 2.180000 5.097815 8.134876 4.390684 1.854774 0.000000 0.000000
 2.200000 5.102137 8.137338 4.387284 1.847115 0.000000 0.000000
 2.220000 5.109107 8.138857 4.385450 1.826238 0.000000 0.000000
 2.240000 5.114109 8.141125 4.386227 1.813857 0.000000 0.000000
 2.260000 5.119774 8.143956 4.386250 1.791949 0.000000 0.000000
 2.280000 5.125227 8.148874 4.386840 1.768804 0.000000 0.000000
 2.300000 5.129368 8.154488 4.387916 1.747935 0.000000 0.000000
 2.320000 5.132237 8.161299 4.387607 1.725288 0.000000 0.000000
 2.340000 5.133967 8.168516 4.388643 1.705513 0.000000 0.000000
 2.360000 5.134295 8.175789 4.388884 1.686097 0.000000 0.000000
 2.380000 5.131230 8.183136 4.391906 1.687369 0.000000 0.000000
 2.400000 5.128134 8.188653 4.396448 1.688347 0.000000 0.000000
 2.420000 5.123083 8.193337 4.400347 1.694982 0.000000 0.000000
 2.440000 5.116063 8.198869 4.405744 1.693265 0.000000 0.000000
 2.460000 5.108957 8.201316 4.412949 1.692351 0.000000 0.000000
 2.480000 5.098793 8.203334 4.422060 1.674481 0.000000 0.000000
 2.500000 5.090508 8.204960 4.430387 1.633493 0.000000 0.000000
 2.520000 5.081482 8.205838 4.438837 1.575308 0.000000 0.000000
 2.540000 5.074491 8.206200 4.448199 1.499067 0.000000 0.000000
 2.560000 5.069431 8.204938 4.455110 1.442403 0.000000 0.000000
 2.580000 5.065970 8.200753 4.461456 1.404863 0.000000 0.000000
 2.600000 5.063947 8.196948 4.465396 1.383950 0.000000 0.000000
 2.620000 5.061985 8.192854 4.467875 1.373696 0.000000 0.000000
 2.640000 5.061378 8.188499 4.470126 1.369009 0.000000 0.000000
 2.660000 5.058199 8.185298 4.469671 1.371459 0.000000 0.000000
 2.680000 5.056171 8.182955 4.466783 1.396568 0.000000 0.000000
 2.700000 5.052539 8.181436 4.462405 1.421573 0.000000 0.000000
 2.720000 5.051030 8.180096 4.458968 1.446598 0.000000 0.000000
 2.740000 5.048175 8.177280 4.456169 1.460832 0.000000 0.000000
 2.760000 5.045523 8.175681 4.455272 1.455361 0.000000 0.000000
 2.780000 5.045202 8.175953 4.454646 1.457424 0.000000 0.000000
 2.800000 5.042655 8.176149 4.456356 1.426295 0.000000 0.000000
 2.820000 5.042697 8.174883 4.458681 1.411237 0.000000 0.000000
 2.840000 5.043552 8.173638 4.458201 1.423886 0.000000 0.000000
 2.860000 5.045308 8.174786 4.458329 1.431683 0.000000 0.000000
 2.880000 5.047858 8.176714 4.458417 1.442141 0.000000 0.000000
 2.900000 5.050578 8.180590 4.455072 1.474038 0.000000 0.000000
 2.920000 5.055141 8.184082 4.453390 1.500803 0.000000 0.000000
 2.940000 5.059093 8.188874 4.449361 1.531517 0.000000 0.000000
 2.960000 5.065239 8.193103 4.446705 1.557469 0.000000 0.000000
 2.980000 5.070815 8.196639 4.443345 1.581089 0.000000 0.000000
 3.000000 5.076061 8.199987 4.439541 1.599460 0.000000 0.000000
 3.020000 5.082132 8.201577 4.436429 2.248844 0.000000 0.000000
 3.040000 5.087504 8.202678 4.431401 2.268227 0.000000 0.000000
 3.060000 5.091459 8.200509 4.427607 2.296162 0.000000 0.000000
 3.080000 5.093610 8.198344 4.422366 2.323654 0.000000 0.000000
 3.100000 5.097715 8.194822 4.418625 2.345309 0.000000 0.000000
 3.120000 5.101687 8.190066 4.415700 2.363738 0.000000 0.000000
 3.140000 5.106299 8.186013 4.412595 2.366822 0.000000 0.000000
 3.160000 5.110950 8.180846 4.412175 2.362472 0.000000 0.000000
 3.180000 5.112596 8.176053 4.410749 2.365442 0.000000 0.000000
 3.200000 5.117424 8.171805 4.410768 2.340733 0.000000 0.000000
 3.220000 5.116683 8.167725 4.410017 2.348139 0.000000 0.000000
 3.240000 5.119134 8.164722 4.410087 2.330145 0.000000 0.000000
 3.260000 5.120549 8.161896 4.410097 2.317173 0.000000 0.000000
 3.280000 5.119098 8.159468 4.409910 2.324734 0.000000 0.000000
 3.300000 5.118002 8.159264 4.410276 2.332233 0.000000 0.000000
 3.320000 5.114084 8.160464 4.408411 2.360301 0.000000 0.000000
 3.340000 5.110184 8.164616 4.407138 2.386439 0.000000 0.000000
 3.360000 5.102688 8.169138 4.406614 2.420045 0.000000 0.000000
 3.380000 5.098488 8.175415 4.408715 2.426903 0.000000 0.000000
 3.400000 5.092505 8.182220 4.411564 2.420349 0.000000 0.000000
 3.420000 5.088794 8.189529 4.416928 2.388391 0.000000 0.000000
 3.440000 5.084408 8.197966 4.423994 2.325299 0.000000 0.000000
 3.460000 5.078351 8.205854 4.430882 2.238112 0.000000 0.000000
 3.480000 5.075969 8.213800 4.439326 2.127352 0.000000 0.000000
 3.500000 5.070586 8.219489 4.448288 2.005710 0.000000 0.000000
 3.520000 5.068946 8.225108 4.457212 1.881432 0.000000 0.011739
 3.540000 5.067612 8.229091 4.464654 1.775991 0.000000 0.037188
 3.560000 5.067585 8.232682 4.472020 1.674297 0.000000 0.072370
 3.580000 5.068223 8.235964 4.478161 1.585997 0.000000 0.114684
 3.600000 5.066639 8.238591 4.481845 1.519964 0.000000 0.155526
 3.620000 5.066674 8.242345 4.483838 1.464887 0.000000 0.224694
 3.640000 5.062584 8.246161 4.483229 1.420579 0.000000 0.307979
 3.660000 5.061172 8.249623 4.480580 1.405486 0.000000 0.394881
 3.680000 5.057801 8.254367 4.475993 1.382598 0.000000 0.531503
 3.700000 5.054753 8.258635 4.471267 1.360453 0.000000 0.671686
 3.720000 5.051205 8.262247 4.468139 1.326328 0.000000 0.803160
 3.740000 5.048507 8.265846 4.463519 1.302137 0.000000 0.945833
 3.760000 5.048767 8.269868 4.461014 1.271645 0.000000 1.119049
 3.780000 5.049739 8.273905 4.459293 1.238201 0.000000 1.307590
 3.800000 5.053436 8.275574 4.459712 1.232539 0.000000 1.389829
 3.820000 5.057586 8.276631 4.458413 1.242987 0.000000 1.443185
 3.840000 5.062867 8.274547 4.459532 1.280867 0.000000 1.338943
 3.860000 5.067578 8.271252 4.462118 1.320367 0.000000 1.182060
 3.880000 5.071162 8.266984 4.463931 1.370014 0.000000 0.993386
 3.900000 5.076055 8.261281 4.465257 1.439434 0.000000 0.766851
 3.920000 5.078143 8.257170 4.465868 1.487044 0.000000 0.621739
 3.940000 5.080115 8.252387 4.467448 1.533121 0.000000 0.472007
 3.960000 5.080164 8.247529 4.467926 1.584276 0.000000 0.341019
 3.980000 5.079574 8.243614 4.466724 1.636748 0.000000 0.250939
 4.000000 5.080038 8.239256 4.463951 1.707699 0.000000 0.166855
 4.020000 5.078716 8.235752 4.461273 2.369308 0.000000 0.111657
 4.040000 5.082060 8.232477 4.459959 2.417226 0.000000 0.070052
 4.060000 5.082221 8.229148 4.457266 2.470875 0.000000 0.037658
 4.080000 5.084283 8.226770 4.456689 2.498671 0.000000 0.020624
 4.100000 5.085014 8.224440 4.455330 2.529865 0.000000 0.008870
 4.120000 5.085543 8.221813 4.455139 2.553635 0.000000 0.001480
 4.140000 5.087301 8.219587 4.454278 2.577492 0.000000 0.000000
 4.160000 5.085841 8.218491 4.451796 2.603831 0.000000 0.000000
 4.180000 5.087823 8.215497 4.449454 2.641035 0.000000 0.000000
 4.200000 5.086825 8.214727 4.446461 2.665187 0.000000 0.000000
 4.220000 5.085755 8.213191 4.443699 2.691341 0.000000 0.000000
 4.240000 5.083862 8.214581 4.440873 2.694484 0.000000 0.000000
 4.260000 5.082926 8.215603 4.440403 2.688300 0.000000 0.000000
 4.280000 5.082831 8.216365 4.441519 2.677451 0.000000 0.000000
 4.300000 5.078864 8.217852 4.442576 2.655844 0.000000 0.000000
 4.320000 5.079815 8.217365 4.445839 2.644641 0.000000 0.000000
 4.340000 5.078036 8.216657 4.449041 2.628192 0.000000 0.000000
 4.360000 5.075852 8.216378 4.451883 2.606781 0.000000 0.000000
 4.380000 5.071803 8.215183 4.453747 2.589720 0.000000 0.000000
 4.400000 5.066428 8.214556 4.454870 2.562683 0.000000 0.000000
 4.420000 5.061965 8.212821 4.457392 2.529619 0.000000 0.000000
 4.440000 5.055153 8.211545 4.458746 2.479794 0.000000 0.000000
 4.460000 5.053182 8.209673 4.461185 2.453897 0.000000 0.000000
 4.480000 5.052360 8.208420 4.464708 2.421328 0.000000 0.000000
 4.500000 5.055024 8.206973 4.470842 2.386041 0.000000 0.000000
 4.520000 5.060705 8.204818 4.476379 2.369111 0.000000 0.000000
 4.540000 5.065875 8.203031 4.482161 2.330066 0.000000 0.000000
 4.560000 5.074571 8.202607 4.486284 2.306605 0.000000 0.000000
 4.580000 5.080007 8.202464 4.487964 2.293468 0.000000 0.000000
 4.600000 5.086887 8.202859 4.490737 2.255531 0.000000 0.000000
 4.620000 5.091570 8.205416 4.491792 2.228278 0.000000 0.000000
 4.640000 5.095645 8.206313 4.494351 2.180784 0.000000 0.000000
 4.660000 5.098914 8.208318 4.495896 2.142889 0.000000 0.000000
 4.680000 5.099840 8.212296 4.496837 2.110741 0.000000 0.000000
 4.700000 5.101001 8.215314 4.496832 2.093609 0.000000 0.000000
 4.720000 5.099811 8.220584 4.494781 2.098639 0.000000 0.000154
 4.740000 5.096488 8.226348 4.492542 2.101756 0.000000 0.018135
 4.760000 5.093982 8.232625 4.490700 2.084444 0.000000 0.071730
 4.780000 5.090743 8.240452 4.489239 2.039667 0.000000 0.188225
 4.800000 5.091347 8.246929 4.490002 1.967380 0.000000 0.326338
 4.820000 5.091661 8.254815 4.491072 1.872497 0.000000 0.545444
 4.840000 5.093571 8.262708 4.493746 1.753304 0.000000 0.820772
 4.860000 5.094356 8.269488 4.495745 1.653523 0.000000 1.102061
 4.880000 5.095270 8.276736 4.497366 1.551042 0.000000 1.448529
 4.900000 5.094162 8.282600 4.496966 1.486518 0.000000 1.763460
 4.920000 5.093516 8.287317 4.497398 1.426196 0.000000 2.039219
 4.940000 5.092944 8.290930 4.497816 1.379089 0.000000 2.263983
 4.960000 5.093307 8.294908 4.498282 1.326067 0.000000 2.525039
 4.980000 5.096595 8.297550 4.500073 1.274809 0.000000 2.706297
 5.000000 5.098839 8.300235 4.499282 1.245157 0.000000 2.896950
 5.020000 5.101186 8.304359 4.500913 1.905649 0.000000 3.202408
 5.040000 5.103031 8.306857 4.500823 1.871627 0.000000 3.394842
 5.060000 5.108409 8.309026 4.500399 1.832813 0.000000 3.566526
 5.080000 5.113486 8.310231 4.503776 1.775167 0.000000 3.663763
 5.100000 5.118232 8.310751 4.507904 1.717156 0.000000 3.706060
 5.120000 5.119477 8.310362 4.510817 1.692513 0.000000 3.674409
 5.140000 5.118113 8.309993 4.512535 1.688945 0.000000 3.644459
 5.160000 5.116248 8.309206 4.514012 1.693321 0.000000 3.581009
 5.180000 5.109147 8.307344 4.513202 1.747484 0.000000 3.433044
 5.200000 5.104572 8.304668 4.512355 1.797642 0.000000 3.225903
 5.220000 5.098586 8.302582 4.510286 1.851798 0.000000 3.068938
 5.240000 5.095346 8.297702 4.509188 1.920259 0.000000 2.716898
 5.260000 5.090785 8.294112 4.511150 1.942497 0.000000 2.471691
 5.280000 5.086474 8.288797 4.512995 1.977109 0.000000 2.129892
 5.300000 5.080916 8.281577 4.516641 1.998889 0.000000 1.706285
 5.320000 5.076194 8.274419 4.520115 2.008223 0.000000 1.332661
 5.340000 5.072530 8.268539 4.524031 1.989779 0.000000 1.060201
 5.360000 5.067668 8.263482 4.530397 1.914332 0.000000 0.850822
 5.380000 5.064742 8.259286 4.537698 1.816582 0.000000 0.694510
 5.400000 5.060098 8.255325 4.543119 1.730005 0.000000 0.561543
 5.420000 5.056891 8.252922 4.550554 1.609362 0.000000 0.487748
 5.440000 5.051866 8.252817 4.554507 1.523087 0.000000 0.484635
 5.460000 5.045928 8.254588 4.554851 1.477473 0.000000 0.538358
 5.480000 5.043012 8.255771 4.553297 1.477103 0.000000 0.575790
 5.500000 5.038633 8.257511 4.550009 1.486450 0.000000 0.633178
 5.520000 5.036761 8.258500 4.547150 1.507903 0.000000 0.667018
 5.540000 5.036981 8.259927 4.542427 1.568252 0.000000 0.717386
 5.560000 5.039706 8.260046 4.538626 1.641214 0.000000 0.721641
 5.580000 5.042045 8.260610 4.534757 1.709928 0.000000 0.742133
 5.600000 5.045241 8.259866 4.531751 1.779560 0.000000 0.715180
 5.620000 5.048665 8.257960 4.530201 1.836017 0.000000 0.648442
 5.640000 5.051852 8.254956 4.528269 1.900254 0.000000 0.549849
 5.660000 5.054408 8.251325 4.526923 1.953231 0.000000 0.441571
 5.680000 5.056114 8.247373 4.525103 2.007214 0.000000 0.337173
 5.700000 5.058147 8.243491 4.523653 2.056092 0.000000 0.248315
 5.720000 5.059605 8.239401 4.520830 2.121002 0.000000 0.169382
 5.740000 5.058883 8.236516 4.516075 2.196440 0.000000 0.122756
 5.760000 5.058891 8.233790 4.510238 2.290608 0.000000 0.085570
 5.780000 5.060472 8.230556 4.502699 2.418636 0.000000 0.050141
 5.800000 5.064975 8.226078 4.497098 2.535517 0.000000 0.016623
 5.820000 5.069061 8.222865 4.491128 2.643610 0.000000 0.003694
 5.840000 5.073497 8.219830 4.485721 2.737898 0.000000 0.000000
 5.860000 5.075144 8.219698 4.479310 2.819353 0.000000 0.000000
 5.880000 5.075621 8.220337 4.472493 2.890082 0.000000 0.000051
 5.900000 5.072958 8.221961 4.465268 2.937028 0.000000 0.001730
 5.920000 5.070429 8.223699 4.458192 2.965840 0.000000 0.006159
 5.940000 5.069835 8.223924 4.451993 2.992899 0.000000 0.006931
 5.960000 5.068144 8.225383 4.445543 2.997446 0.000000 0.013042
 5.980000 5.071369 8.224852 4.441124 3.026762 0.000000 0.010593
 6.000000 5.074810 8.222804 4.436196 3.058120 0.000000 0.003539
 6.020000 5.082562 8.218695 4.433977 3.452150 0.000000 0.000000
 6.040000 5.091497 8.214873 4.430647 3.465356 0.000000 0.000000
 6.060000 5.101082 8.208962 4.428521 3.450741 0.000000 0.000000
 6.080000 5.112698 8.203247 4.424809 3.376498 0.000000 0.000000
 6.100000 5.119020 8.197544 4.419199 3.304126 0.000000 0.000000
 6.120000 5.123758 8.191955 4.413142 3.223527 0.000000 0.000000
 6.140000 5.123714 8.186983 4.405006 3.171711 0.000000 0.000000
 6.160000 5.122155 8.184723 4.399555 3.145748 0.000000 0.000000
 6.180000 5.118105 8.186322 4.396518 3.165394 0.000000 0.000000
 6.200000 5.113692 8.190615 4.396606 3.211144 0.000000 0.000000
 6.220000 5.108865 8.195331 4.398420 3.265394 0.000000 0.000000
 6.240000 5.102618 8.200866 4.399620 3.307628 0.000000 0.000000
 6.260000 5.096677 8.206302 4.402046 3.341050 0.000000 0.000000
 6.280000 5.090759 8.213613 4.401821 3.322362 0.000000 0.000000
 6.300000 5.087938 8.220183 4.401784 3.285875 0.000000 0.000015
 6.320000 5.084526 8.225877 4.402454 3.250402 0.000000 0.015543
 6.340000 5.082957 8.232209 4.401828 3.187558 0.000000 0.067072
 6.360000 5.081910 8.237171 4.403085 3.148662 0.000000 0.132675
 6.380000 5.081531 8.239963 4.405309 3.138456 0.000000 0.179336
 6.400000 5.086088 8.241637 4.408677 3.152424 0.000000 0.210667
 6.420000 5.090127 8.242197 4.413507 3.180987 0.000000 0.221721
 6.440000 5.097253 8.240595 4.417031 3.205897 0.000000 0.190871
 6.460000 5.102602 8.239101 4.420017 3.216221 0.000000 0.164178
 6.480000 5.107013 8.235143 4.421765 3.238261 0.000000 0.103189
 6.500000 5.109766 8.230833 4.422866 3.261794 0.000000 0.052806
 6.520000 5.109276 8.227419 4.422655 3.291456 0.000000 0.024769
 6.540000 5.107161 8.224395 4.424389 3.333958 0.000000 0.008691
 6.560000 5.102558 8.223799 4.425461 3.368782 0.000000 0.006496
 6.580000 5.097114 8.223725 4.426027 3.394907 0.000000 0.006245
 6.600000 5.090828 8.222732 4.426566 3.418674 0.000000 0.003359
 6.620000 5.088520 8.220294 4.425746 3.433987 0.000000 0.000039
 6.640000 5.086965 8.217117 4.423275 3.444961 0.000000 0.000000
 6.660000 5.083622 8.214366 4.421135 3.449865 0.000000 0.000000
 6.680000 5.081823 8.211362 4.420037 3.456058 0.000000 0.000000
 6.700000 5.080323 8.208524 4.418031 3.455009 0.000000 0.000000
 6.720000 5.079650 8.205602 4.415741 3.451148 0.000000 0.000000
 6.740000 5.077273 8.203489 4.414010 3.440866 0.000000 0.000000
 6.760000 5.076203 8.201383 4.414307 3.442686 0.000000 0.000000
 6.780000 5.075656 8.199418 4.415354 3.448286 0.000000 0.000000
 6.800000 5.074991 8.199028 4.418201 3.458348 0.000000 0.000000
 6.820000 5.075661 8.199436 4.422669 3.474784 0.000000 0.000000
 6.840000 5.076137 8.200070 4.428818 3.486034 0.000000 0.000000
 6.860000 5.078092 8.200620 4.435906 3.489272 0.000000 0.000000
 6.880000 5.076410 8.201306 4.441353 3.471852 0.000000 0.000000
 6.900000 5.075579 8.203290 4.441888 3.466428 0.000000 0.000000
 6.920000 5.073487 8.206843 4.439390 3.460325 0.000000 0.000000
 6.940000 5.075646 8.210614 4.436369 3.465292 0.000000 0.000000
 6.960000 5.078901 8.213602 4.434868 3.466819 0.000000 0.000000
 6.980000 5.083548 8.217589 4.431457 3.457518 0.000000 0.000000
 7.000000 5.088409 8.221760 4.431059 3.435476 0.000000 0.001394
 7.020000 5.090919 8.225169 4.430900 3.713398 0.000000 0.012023
 7.040000 5.093406 8.228311 4.433075 3.688698 0.000000 0.031083
 7.060000 5.092459 8.231844 4.436240 3.665006 0.000000 0.063122
 7.080000 5.092386 8.236099 4.441518 3.625317 0.000000 0.116627
 7.100000 5.092452 8.240913 4.445753 3.570939 0.000000 0.196810
 7.120000 5.089640 8.246364 4.449574 3.505843 0.000000 0.312772
 7.140000 5.086865 8.252166 4.455289 3.416746 0.000000 0.465581
 7.160000 5.083098 8.256605 4.459212 3.339938 0.000000 0.602955
 7.180000 5.082087 8.260392 4.465435 3.251656 0.000000 0.734184
 7.200000 5.079122 8.262724 4.471488 3.169056 0.000000 0.821390
 7.220000 5.077949 8.264708 4.478096 3.080158 0.000000 0.899478
 7.240000 5.077602 8.266844 4.485680 2.971869 0.000000 0.987469
 7.260000 5.079542 8.268045 4.493462 2.868325 0.000000 1.038729
 7.280000 5.082748 8.270700 4.503514 2.707683 0.000000 1.156737
 7.300000 5.085464 8.273360 4.512721 2.544340 0.000000 1.281288
 7.320000 5.088884 8.275985 4.522003 2.370426 0.000000 1.410443
 7.340000 5.089882 8.278038 4.530156 2.216123 0.000000 1.515780
 7.360000 5.090039 8.279169 4.536803 2.094402 0.000000 1.575454
 7.380000 5.088268 8.280552 4.541809 1.998196 0.000000 1.649945
 7.400000 5.083134 8.283013 4.544875 1.923303 0.000000 1.786779
 7.420000 5.077331 8.282685 4.547896 1.866323 0.000000 1.768256
 7.440000 5.069964 8.282402 4.548065 1.845679 0.000000 1.752323
 7.460000 5.064827 8.281174 4.548392 1.829833 0.000000 1.684039
 7.480000 5.059347 8.281706 4.546830 1.825124 0.000000 1.713413
 7.500000 5.057070 8.282983 4.543464 1.856816 0.000000 1.785077
 7.520000 5.056481 8.283730 4.539336 1.912662 0.000000 1.827689
 7.540000 5.058323 8.283442 4.536305 1.974047 0.000000 1.811184
 7.560000 5.062272 8.283339 4.533352 2.043735 0.000000 1.805314
 7.580000 5.065101 8.283081 4.529645 2.118892 0.000000 1.790656
 7.600000 5.066189 8.283530 4.526887 2.162445 0.000000 1.816229
 7.620000 5.065349 8.283354 4.523219 2.216152 0.000000 1.806204
 7.640000 5.065172 8.283319 4.519110 2.276968 0.000000 1.804176
 7.660000 5.064719 8.284089 4.515286 2.321219 0.000000 1.848316
 7.680000 5.063861 8.283385 4.512517 2.363827 0.000000 1.807924
 7.700000 5.064643 8.283511 4.512340 2.369217 0.000000 1.815116
 7.720000 5.065424 8.281896 4.514258 2.365132 0.000000 1.723996
 7.740000 5.067701 8.279229 4.518175 2.348570 0.000000 1.578644
 7.760000 5.068006 8.277075 4.521939 2.314371 0.000000 1.465879
 7.780000 5.068804 8.273655 4.526002 2.285350 0.000000 1.295509
 7.800000 5.068072 8.270660 4.528938 2.258972 0.000000 1.154912
 7.820000 5.064951 8.267949 4.527580 2.289477 0.000000 1.034598
 7.840000 5.060216 8.266931 4.526072 2.295999 0.000000 0.991114
 7.860000 5.054976 8.267219 4.521876 2.327062 0.000000 1.003340
 7.880000 5.052317 8.264917 4.518523 2.379391 0.000000 0.907893
 7.900000 5.052225 8.261812 4.514189 2.473407 0.000000 0.786716
 7.920000 5.054551 8.258721 4.512371 2.547097 0.000000 0.674687
 7.940000 5.057732 8.257591 4.510335 2.614391 0.000000 0.635898
 7.960000 5.059236 8.256909 4.507557 2.675559 0.000000 0.613026
 7.980000 5.060850 8.258528 4.502637 2.749056 0.000000 0.667988
 8.000000 5.061021 8.261212 4.497116 2.803702 0.000000 0.764293
 8.020000 5.060447 8.263168 4.491842 3.237493 0.000000 0.838575
 8.040000 5.061024 8.265657 4.488998 3.247807 0.000000 0.938035
 8.060000 5.061420 8.266971 4.486911 3.258571 0.000000 0.992828
 8.080000 5.063405 8.268986 4.486041 3.257176 0.000000 1.079818
 8.100000 5.064529 8.270820 4.486408 3.237259 0.000000 1.162190
 8.120000 5.066726 8.273074 4.488760 3.195899 0.000000 1.267565
 8.140000 5.069030 8.273547 4.489102 3.198090 0.000000 1.290281
 8.160000 5.070771 8.273828 4.490992 3.181334 0.000000 1.303873
 8.180000 5.075092 8.273942 4.494106 3.158831 0.000000 1.309388
 8.200000 5.077175 8.273135 4.497375 3.133414 0.000000 1.270485
 8.220000 5.079609 8.272842 4.500199 3.103981 0.000000 1.256537
 8.240000 5.078922 8.271510 4.503024 3.079586 0.000000 1.193984
 8.260000 5.078467 8.270405 4.506439 3.041494 0.000000 1.143304
 8.280000 5.076952 8.270026 4.510021 2.987503 0.000000 1.126158
 8.300000 5.075925 8.269033 4.513623 2.937345 0.000000 1.081894
 8.320000 5.073127 8.267888 4.517510 2.875088 0.000000 1.031973
 8.340000 5.071245 8.265481 4.522501 2.801779 0.000000 0.930824
 8.360000 5.069876 8.262151 4.527482 2.730028 0.000000 0.799500
 8.380000 5.066460 8.259130 4.531298 2.662159 0.000000 0.689015
 8.400000 5.066215 8.255788 4.534323 2.620809 0.000000 0.576345
 8.420000 5.068599 8.252742 4.532922 2.675640 0.000000 0.482423
 8.440000 5.070418 8.250134 4.528142 2.792265 0.000000 0.408634
 8.460000 5.072361 8.247659 4.523975 2.894309 0.000000 0.344256
 8.480000 5.075982 8.245521 4.518311 3.026125 0.000000 0.293098
 8.500000 5.080188 8.242804 4.512412 3.159281 0.000000 0.234005
 8.520000 5.086719 8.239041 4.506669 3.283813 0.000000 0.163154
 8.540000 5.092819 8.234059 4.502310 3.370086 0.000000 0.088945
 8.560000 5.099662 8.230042 4.496522 3.453739 0.000000 0.045381
 8.580000 5.105726 8.225734 4.491385 3.506758 0.000000 0.014797
 8.600000 5.111635 8.222470 4.487188 3.524807 0.000000 0.002745
 8.620000 5.115778 8.219867 4.479981 3.584169 0.000000 0.000000
 8.640000 5.118938 8.216435 4.474188 3.619739 0.000000 0.000000
 8.660000 5.120729 8.213680 4.466184 3.679829 0.000000 0.000000
 8.680000 5.121579 8.210845 4.459306 3.723514 0.000000 0.000000
 8.700000 5.122214 8.208816 4.453365 3.749924 0.000000 0.000000
 8.720000 5.120614 8.206394 4.445640 3.801406 0.000000 0.000000
 8.740000 5.119774 8.205206 4.439801 3.823486 0.000000 0.000000
 8.760000 5.119064 8.205138 4.434081 3.833721 0.000000 0.000000
 8.780000 5.118712 8.204392 4.427946 3.827277 0.000000 0.000000
 8.800000 5.117335 8.205496 4.421564 3.820193 0.000000 0.000000
 8.820000 5.118918 8.205933 4.414615 3.758645 0.000000 0.000000
 8.840000 5.121704 8.208119 4.408355 3.668653 0.000000 0.000000
 8.860000 5.124787 8.209729 4.403580 3.575307 0.000000 0.000000
 8.880000 5.130171 8.212327 4.400642 3.455883 0.000000 0.000000
 8.900000 5.136446 8.215554 4.398780 3.321399 0.000000 0.000000
 8.920000 5.142854 8.217423 4.399079 3.204581 0.000000 0.000000
 8.940000 5.149030 8.220349 4.399937 3.084371 0.000000 0.000055
 8.960000 5.156045 8.222805 4.401809 2.951055 0.000000 0.003540
 8.980000 5.161812 8.225935 4.402339 2.818770 0.000000 0.015854
 9.000000 5.163329 8.228618 4.401442 2.762799 0.000000 0.033422
 9.020000 5.163441 8.230544 4.402821 3.157595 0.000000 0.050029
 9.040000 5.159356 8.234058 4.405070 3.238599 0.000000 0.088927
 9.060000 5.153611 8.234987 4.407992 3.372229 0.000000 0.101070
 9.080000 5.146435 8.236664 4.411923 3.526683 0.000000 0.124960
 9.100000 5.140743 8.235592 4.418141 3.680859 0.000000 0.109402
 9.120000 5.136877 8.235323 4.427888 3.795159 0.000000 0.105655
 9.140000 5.134074 8.234357 4.439476 3.864605 0.000000 0.092762
 9.160000 5.132148 8.233647 4.452718 3.861600 0.000000 0.083814
 9.180000 5.129834 8.234423 4.465752 3.795929 0.000000 0.093609
 9.200000 5.125534 8.235284 4.475494 3.745922 0.000000 0.105118
 9.220000 5.120382 8.235266 4.483995 3.694724 0.000000 0.104867
 9.240000 5.113274 8.235384 4.492245 3.634076 0.000000 0.106507
 9.260000 5.105633 8.235727 4.499816 3.551303 0.000000 0.111297
 9.280000 5.098133 8.237305 4.507344 3.430009 0.000000 0.134758
 9.300000 5.089358 8.238514 4.511968 3.345882 0.000000 0.154240
 9.320000 5.083147 8.239632 4.518313 3.203594 0.000000 0.173429
 9.340000 5.077114 8.239940 4.523131 3.083732 0.000000 0.178915
 9.360000 5.072570 8.239762 4.527691 2.966392 0.000000 0.175746
 9.380000 5.070464 8.238623 4.533491 2.829391 0.000000 0.156068
 9.400000 5.069470 8.236728 4.537716 2.731837 0.000000 0.125923
 9.420000 5.069067 8.235490 4.539952 2.680034 0.000000 0.107980
 9.440000 5.069137 8.234236 4.540534 2.668192 0.000000 0.091197
 9.460000 5.071087 8.234085 4.539733 2.695646 0.000000 0.089280
 9.480000 5.071155 8.235135 4.537084 2.756346 0.000000 0.103084
 9.500000 5.071227 8.237481 4.534689 2.807962 0.000000 0.137520
 9.520000 5.071605 8.241386 4.529917 2.907623 0.000000 0.205805
 9.540000 5.072604 8.246144 4.525975 2.980921 0.000000 0.307590
 9.560000 5.074231 8.251107 4.522209 3.042772 0.000000 0.435427
 9.580000 5.075472 8.256748 4.517352 3.109468 0.000000 0.607685
 9.600000 5.077393 8.261929 4.513362 3.150393 0.000000 0.791107
 9.620000 5.078773 8.265071 4.510210 3.182094 0.000000 0.914114
 9.640000 5.083999 8.266253 4.507922 3.220824 0.000000 0.962700
 9.660000 5.089881 8.265682 4.505477 3.271276 0.000000 0.939081
 9.680000 5.095176 8.264046 4.503847 3.309512 0.000000 0.873022
 9.700000 5.101352 8.262693 4.502079 3.334447 0.000000 0.820205
 9.720000 5.105066 8.260253 4.499273 3.388752 0.000000 0.729145
 9.740000 5.107473 8.257195 4.496552 3.449678 0.000000 0.622551
 9.760000 5.106231 8.253488 4.492038 3.563513 0.000000 0.504656
 9.780000 5.105933 8.248563 4.488114 3.668380 0.000000 0.367134
 9.800000 5.105914 8.242865 4.483007 3.786828 0.000000 0.235260
 9.820000 5.106132 8.237392 4.476890 3.903780 0.000000 0.136123
 9.840000 5.106965 8.231846 4.474039 3.964540 0.000000 0.063150
 9.860000 5.108902 8.226020 4.471054 4.010896 0.000000 0.016307
 9.880000 5.111906 8.219547 4.468840 4.027808 0.000000 0.000000
 9.900000 5.112124 8.212878 4.466793 4.050984 0.000000 0.000000
 9.920000 5.113076 8.206695 4.463856 4.064367 0.000000 0.000000
 9.940000 5.112589 8.201560 4.462273 4.068203 0.000000 0.000000
 9.960000 5.110543 8.197086 4.459485 4.093083 0.000000 0.000000
 9.980000 5.108964 8.192733 4.459240 4.081916 0.000000 0.000000
 10.000000 5.106748 8.189281 4.460950 4.055046 0.000000 0.000000
 10.020000 5.108738 8.185609 4.461795 4.237215 0.000000 0.000000
 10.040000 5.111461 8.183434 4.461808 4.195527 0.000000 0.000000
 10.060000 5.113990 8.183138 4.458814 4.202324 0.000000 0.000000
 10.080000 5.116786 8.183230 4.456980 4.193412 0.000000 0.000000
 10.100000 5.118379 8.184341 4.453300 4.219081 0.000000 0.000000
 10.120000 5.123138 8.184294 4.451848 4.172081 0.000000 0.000000
 10.140000 5.124203 8.187861 4.449154 4.205361 0.000000 0.000000
 10.160000 5.126044 8.190360 4.448511 4.200954 0.000000 0.000000
 10.180000 5.124980 8.192332 4.446751 4.237953 0.000000 0.000000
 10.200000 5.121795 8.196357 4.442815 4.318047 0.000000 0.000000
 10.220000 5.118389 8.200402 4.441035 4.379342 0.000000 0.000000
 10.240000 5.112970 8.203769 4.438508 4.448148 0.000000 0.000000
 10.260000 5.111903 8.208272 4.437808 4.461994 0.000000 0.000000
 10.280000 5.109109 8.210759 4.438274 4.483584 0.000000 0.000000
 10.300000 5.111223 8.214446 4.441052 4.457679 0.000000 0.000000
 10.320000 5.114408 8.216471 4.446634 4.408997 0.000000 0.000000
 10.340000 5.117162 8.217941 4.453394 4.344005 0.000000 0.000000
 10.360000 5.122207 8.219047 4.462172 4.213819 0.000000 0.000000
 10.380000 5.123374 8.220724 4.468717 4.126567 0.000000 0.000236
 10.400000 5.127222 8.221598 4.476255 3.976825 0.000000 0.001149
 10.420000 5.128537 8.223188 4.483871 3.842727 0.000000 0.004572
 10.440000 5.129855 8.224876 4.490630 3.709579 0.000000 0.010698
 10.460000 5.126025 8.227178 4.493268 3.710648 0.000000 0.023184
 10.480000 5.123079 8.230141 4.494061 3.724763 0.000000 0.046281
 10.500000 5.120074 8.231786 4.495465 3.727803 0.000000 0.062507
 10.520000 5.114633 8.232712 4.493429 3.815338 0.000000 0.072721
 10.540001 5.111805 8.232109 4.492016 3.867342 0.000000 0.065984
 10.560001 5.106984 8.230115 4.490092 3.944108 0.000000 0.046039
 10.580001 5.102664 8.227899 4.488562 4.002784 0.000000 0.028076
 10.600001 5.097913 8.225203 4.486668 4.061951 0.000000 0.012182
 10.620001 5.093257 8.220782 4.483439 4.135328 0.000000 0.000275
 10.640001 5.091168 8.215134 4.480994 4.180419 0.000000 0.000000
 10.660001 5.087526 8.210579 4.477216 4.235184 0.000000 0.000000
 10.680001 5.087316 8.208974 4.475689 4.255052 0.000000 0.000000
 10.700001 5.085944 8.206352 4.474631 4.262504 0.000000 0.000000
 10.720001 5.086573 8.205440 4.475269 4.251161 0.000000 0.000000
 10.740001 5.086632 8.204540 4.475634 4.242758 0.000000 0.000000
 10.760001 5.085337 8.206207 4.475074 4.254584 0.000000 0.000000
 10.780001 5.084655 8.207954 4.474097 4.272151 0.000000 0.000000
 10.800001 5.080344 8.210872 4.472609 4.285695 0.000000 0.000000
 10.820001 5.080219 8.215162 4.471544 4.301579 0.000000 0.000000
 10.840001 5.078484 8.219342 4.470548 4.302448 0.000000 0.000000
 10.860001 5.079953 8.221444 4.472785 4.275886 0.000000 0.000939
 10.880001 5.080890 8.225526 4.474580 4.243206 0.000000 0.013743
 10.900001 5.078665 8.227708 4.475822 4.208888 0.000000 0.026734
 10.920001 5.078271 8.230410 4.478570 4.156900 0.000000 0.048768
 10.940001 5.076119 8.232277 4.480419 4.110534 0.000000 0.067831
 10.960001 5.077120 8.231445 4.482844 4.084150 0.000000 0.058940
 10.980001 5.077103 8.231493 4.482761 4.085087 0.000000 0.059445
 11.000001 5.078208 8.231128 4.480948 4.119021 0.000000 0.055724
 11.020001 5.078533 8.229635 4.479373 4.380375 0.000000 0.041776
 11.040001 5.075642 8.229680 4.475819 4.414112 0.000000 0.042163
 11.060001 5.076172 8.230222 4.472707 4.453092 0.000000 0.047019
 11.080001 5.075251 8.231788 4.468872 4.481433 0.000000 0.062532
 11.100001 5.076872 8.234435 4.467274 4.488824 0.000000 0.093771
 11.120001 5.077769 8.236254 4.465304 4.497839 0.000000 0.118889
 11.140001 5.079874 8.238457 4.463276 4.505893 0.000000 0.153301
 11.160001 5.081931 8.239194 4.461227 4.522358 0.000000 0.165783
 11.180001 5.082908 8.237882 4.458162 4.558055 0.000000 0.143889
 11.200001 5.086145 8.236390 4.453595 4.603604 0.000000 0.120882
 11.220001 5.085463 8.234578 4.449275 4.634433 0.000000 0.095632
 11.240001 5.085327 8.233004 4.445622 4.654965 0.000000 0.076102
 11.260001 5.088899 8.231291 4.444165 4.674662 0.000000 0.057367
 11.280001 5.092846 8.228796 4.443992 4.691199 0.000000 0.034814
 11.300001 5.098675 8.226107 4.444455 4.692387 0.000000 0.016785
 11.320001 5.104480 8.223215 4.445959 4.674629 0.000000 0.004652
 11.340001 5.110649 8.219770 4.448414 4.633010 0.000000 0.000000
 11.360001 5.115262 8.216911 4.449687 4.589039 0.000000 0.000000
 11.380001 5.117577 8.213668 4.449043 4.569381 0.000000 0.000000
 11.400001 5.118191 8.211519 4.447484 4.568920 0.000000 0.000000
 11.420001 5.117386 8.208546 4.444932 4.586000 0.000000 0.000000
 11.440001 5.116426 8.205771 4.443137 4.598605 0.000000 0.000000
 11.460001 5.113414 8.201686 4.440539 4.627037 0.000000 0.000000
 11.480001 5.109869 8.196543 4.441567 4.638678 0.000000 0.000000
 11.500001 5.106306 8.191447 4.442287 4.635551 0.000000 0.000000
 11.520001 5.101130 8.186270 4.443540 4.622493 0.000000 0.000000
 11.540001 5.096638 8.181033 4.444909 4.583435 0.000000 0.000000
 11.560001 5.092775 8.174638 4.447185 4.503540 0.000000 0.000000
 11.580001 5.089721 8.171019 4.449060 4.445164 0.000000 0.000000
 11.600001 5.087715 8.169590 4.449070 4.423869 0.000000 0.000000
 11.620001 5.087235 8.168593 4.449240 4.407678 0.000000 0.000000
 11.640001 5.087663 8.169946 4.448308 4.433729 0.000000 0.000000
 11.660001 5.089015 8.169001 4.448304 4.420532 0.000000 0.000000
 11.680001 5.090060 8.169496 4.445863 4.441504 0.000000 0.000000
 11.700001 5.090055 8.170070 4.444445 4.456756 0.000000 0.000000
 11.720001 5.090415 8.170364 4.443973 4.463005 0.000000 0.000000
 11.740001 5.092482 8.170278 4.442024 4.468143 0.000000 0.000000
 11.760001 5.096349 8.168988 4.443346 4.436486 0.000000 0.000000
 11.780001 5.101832 8.168002 4.444671 4.394347 0.000000 0.000000
 11.800001 5.107417 8.165961 4.447491 4.313784 0.000000 0.000000
 11.820001 5.111739 8.165496 4.451232 4.246868 0.000000 0.000000
 11.840001 5.113054 8.166649 4.453189 4.237740 0.000000 0.000000
 11.860001 5.113412 8.168841 4.455443 4.248443 0.000000 0.000000
 11.880001 5.114613 8.171955 4.455256 4.282477 0.000000 0.000000
 11.900001 5.113402 8.175735 4.454478 4.350970 0.000000 0.000000
 11.920001 5.112592 8.180947 4.451524 4.443292 0.000000 0.000000
 11.940001 5.110736 8.185727 4.446406 4.539145 0.000000 0.000000
 11.960001 5.108235 8.191081 4.440330 4.623261 0.000000 0.000000
 11.980001 5.106644 8.196542 4.433105 4.668027 0.000000 0.000000
 12.000001 5.105907 8.200497 4.426084 4.667215 0.000000 0.000000
 12.020001 5.107837 8.204801 4.420420 4.813441 0.000000 0.000000
 12.040001 5.108515 8.207485 4.416843 4.781206 0.000000 0.000000
 12.060001 5.110516 8.209881 4.411849 4.714986 0.000000 0.000000
 12.080001 5.112808 8.212322 4.410277 4.672072 0.000000 0.000000
 12.100001 5.113808 8.214656 4.407463 4.621606 0.000000 0.000000
 12.120001 5.113865 8.216398 4.405465 4.587978 0.000000 0.000000
 12.140001 5.114204 8.218607 4.408728 4.615794 0.000000 0.000000
 12.160001 5.116685 8.220843 4.412671 4.622647 0.000000 0.000319
 12.180001 5.118537 8.223773 4.417619 4.630770 0.000000 0.006406
 12.200001 5.120373 8.227325 4.424478 4.633453 0.000000 0.024148
 12.220001 5.123017 8.232040 4.430090 4.588410 0.000000 0.065237
 12.240001 5.124894 8.235503 4.436671 4.549107 0.000000 0.108155
 12.260001 5.124990 8.238758 4.441709 4.518958 0.000000 0.158333
 12.280001 5.123723 8.240985 4.446380 4.508575 0.000000 0.198161
 12.300001 5.121389 8.242894 4.451054 4.505941 0.000000 0.235866
 12.320001 5.118509 8.244332 4.455279 4.506160 0.000000 0.266432
 12.340001 5.115472 8.244431 4.461197 4.500970 0.000000 0.268600
 12.360001 5.113336 8.245242 4.466765 4.466094 0.000000 0.286716
 12.380001 5.111093 8.245936 4.471447 4.430909 0.000000 0.302711
 12.400001 5.108480 8.246831 4.477596 4.368057 0.000000 0.323967
 12.420001 5.107991 8.246684 4.484558 4.273981 0.000000 0.320416
 12.440001 5.106227 8.246813 4.490956 4.180071 0.000000 0.323520
 12.460001 5.107918 8.248267 4.497561 4.033848 0.000000 0.359553
 12.480001 5.109504 8.250235 4.503487 3.886291 0.000000 0.411383
 12.500001 5.111017 8.253183 4.509579 3.719743 0.000000 0.495498
 12.520001 5.111650 8.254558 4.513756 3.611568 0.000000 0.537421
 12.540001 5.110531 8.258197 4.516643 3.521428 0.000000 0.656547
 12.560001 5.110003 8.261062 4.518162 3.462359 0.000000 0.758757
 12.580001 5.108180 8.263232 4.517020 3.475883 0.000000 0.841071
 12.600001 5.105438 8.263912 4.516542 3.494709 0.000000 0.867723
 12.620001 5.103175 8.265293 4.515693 3.508270 0.000000 0.923165
 12.640001 5.102259 8.265930 4.514487 3.530274 0.000000 0.949313
 12.660001 5.101605 8.264935 4.513512 3.565797 0.000000 0.908626
 12.680001 5.101048 8.263425 4.513039 3.596230 0.000000 0.848561
 12.700001 5.102560 8.261552 4.511946 3.634434 0.000000 0.776946
 12.720001 5.104446 8.260126 4.510970 3.661646 0.000000 0.724551
 12.740001 5.105899 8.257677 4.509347 3.714304 0.000000 0.638795
 12.760001 5.107393 8.255419 4.507160 3.774285 0.000000 0.564528
 12.780001 5.108235 8.252170 4.503959 3.867173 0.000000 0.465702
 12.800001 5.108369 8.250353 4.500679 3.949893 0.000000 0.414596
 12.820001 5.105041 8.248343 4.496644 4.069312 0.000000 0.361484
 12.840001 5.099756 8.245205 4.491145 4.226510 0.000000 0.285874
 12.860001 5.093296 8.243598 4.485119 4.361038 0.000000 0.250595
 12.880001 5.088646 8.241094 4.479902 4.465831 0.000000 0.200232
 12.900001 5.086096 8.238164 4.475957 4.543344 0.000000 0.148467
 12.920001 5.083409 8.234805 4.472578 4.607430 0.000000 0.098635
 12.940001 5.081666 8.230894 4.470373 4.655622 0.000000 0.053406
 12.960001 5.080327 8.227405 4.469620 4.679454 0.000000 0.024678
 12.980001 5.080343 8.224651 4.468008 4.711429 0.000000 0.009733
 13.000001 5.080248 8.223496 4.467984 4.715928 0.000000 0.005501
 13.020001 5.079848 8.221070 4.468125 4.901441 0.000000 0.000515
 13.040001 5.079901 8.217682 4.468863 4.899338 0.000000 0.000000
 13.060001 5.081969 8.213221 4.469561 4.899795 0.000000 0.000000
 13.080001 5.085047 8.208892 4.470073 4.894603 0.000000 0.000000
 13.100001 5.088769 8.206519 4.470311 4.888665 0.000000 0.000000
 13.120001 5.093631 8.203304 4.470663 4.866777 0.000000 0.000000
 13.140001 5.099360 8.200052 4.469314 4.850060 0.000000 0.000000
 13.160001 5.104117 8.197792 4.466388 4.848298 0.000000 0.000000
 13.180001 5.108909 8.194585 4.461116 4.850931 0.000000 0.000000
 13.200001 5.112732 8.192739 4.455146 4.857728 0.000000 0.000000
 13.220001 5.116128 8.190808 4.448982 4.848631 0.000000 0.000000
 13.240001 5.119452 8.191165 4.441144 4.840183 0.000000 0.000000
 13.260001 5.119920 8.190894 4.434797 4.837393 0.000000 0.000000
 13.280001 5.119394 8.192273 4.429123 4.843821 0.000000 0.000000
 13.300001 5.119155 8.193800 4.424320 4.836594 0.000000 0.000000
 13.320001 5.118370 8.195147 4.421911 4.840098 0.000000 0.000000
 13.340001 5.119333 8.196393 4.420390 4.823453 0.000000 0.000000
 13.360001 5.119935 8.196047 4.420929 4.817595 0.000000 0.000000
 13.380001 5.121231 8.196219 4.421477 4.804165 0.000000 0.000000
 13.400001 5.122862 8.196853 4.423977 4.797854 0.000000 0.000000
 13.420001 5.124143 8.198604 4.428067 4.803584 0.000000 0.000000
 13.440001 5.126493 8.200458 4.431378 4.782345 0.000000 0.000000
 13.460001 5.128497 8.202488 4.435642 4.760508 0.000000 0.000000
 13.480001 5.129544 8.205789 4.438632 4.749152 0.000000 0.000000
 13.500001 5.131190 8.209415 4.442111 4.719117 0.000000 0.000000
 13.520001 5.132142 8.213655 4.444588 4.695088 0.000000 0.000000
 13.540001 5.130189 8.218859 4.446219 4.716893 0.000000 0.000000
 13.560001 5.126295 8.223901 4.445592 4.766406 0.000000 0.006847
 13.580001 5.122580 8.230027 4.444568 4.789553 0.000000 0.045247
 13.600001 5.119896 8.234436 4.441994 4.792659 0.000000 0.093785
 13.620001 5.114139 8.238285 4.440825 4.822725 0.000000 0.150447
 13.640001 5.107288 8.243090 4.438963 4.824705 0.000000 0.239908
 13.660001 5.099247 8.247140 4.436750 4.808166 0.000000 0.331468
 13.680001 5.090808 8.250908 4.436085 4.764314 0.000000 0.429895
 13.700001 5.084246 8.255802 4.437167 4.677149 0.000000 0.576807
 13.720001 5.080916 8.260266 4.441508 4.597532 0.000000 0.729591
 13.740001 5.078001 8.263264 4.448181 4.534239 0.000000 0.842316
 13.760001 5.077730 8.266775 4.455721 4.454215 0.000000 0.984545
 13.780001 5.077213 8.270441 4.462999 4.348263 0.000000 1.144912
 13.800001 5.079058 8.273390 4.470647 4.244638 0.000000 1.282735
 13.820001 5.079539 8.275849 4.478444 4.123643 0.000000 1.403623
 13.840001 5.081537 8.278834 4.485539 3.989174 0.000000 1.557639
 13.860001 5.084197 8.280522 4.491957 3.876573 0.000000 1.648285
 13.880001 5.085499 8.281010 4.496732 3.797943 0.000000 1.675014
 13.900001 5.082485 8.282851 4.500180 3.703163 0.000000 1.777592
 13.920001 5.078397 8.284229 4.501737 3.639847 0.000000 1.856389
 13.940001 5.074126 8.283342 4.502697 3.621955 0.000000 1.805488
 13.960001 5.068972 8.283772 4.501541 3.602143 0.000000 1.830073
 13.980001 5.065537 8.283960 4.501391 3.575330 0.000000 1.840878
 14.000001 5.063746 8.284433 4.501772 3.545554 0.000000 1.868199
 14.020001 5.064671 8.283439 4.503298 3.836149 0.000000 1.811006
 14.040001 5.065997 8.282651 4.505315 3.826569 0.000000 1.766334
 14.060001 5.067072 8.281373 4.506186 3.841910 0.000000 1.695002
 14.080001 5.068319 8.278971 4.508619 3.847524 0.000000 1.564910
 14.100001 5.069009 8.277876 4.510318 3.838098 0.000000 1.507352
 14.120001 5.070040 8.277015 4.511912 3.827614 0.000000 1.462827
 14.140001 5.070002 8.275839 4.515093 3.781725 0.000000 1.403121
 14.160001 5.068992 8.273688 4.518314 3.739268 0.000000 1.297071
 14.180001 5.070675 8.270742 4.523031 3.684167 0.000000 1.158655
 14.200001 5.072635 8.267502 4.528855 3.594961 0.000000 1.015404
 14.220001 5.076521 8.264769 4.535332 3.476028 0.000000 0.901917
 14.240001 5.080683 8.263195 4.539841 3.382795 0.000000 0.839605
 14.260001 5.084422 8.261524 4.540009 3.396598 0.000000 0.775927
 14.280001 5.087487 8.261325 4.537014 3.477934 0.000000 0.768501
 14.300001 5.091573 8.261157 4.531215 3.626446 0.000000 0.762248
 14.320001 5.095873 8.260697 4.524851 3.780955 0.000000 0.745324
 14.340001 5.099338 8.259279 4.519247 3.917618 0.000000 0.694272
 14.360001 5.102882 8.256950 4.514547 4.031838 0.000000 0.614397
 14.380001 5.104548 8.253074 4.509821 4.165133 0.000000 0.492245
 14.400001 5.106357 8.249330 4.504592 4.300018 0.000000 0.387109
 14.420001 5.107102 8.243155 4.502243 4.392376 0.000000 0.241262
 14.440001 5.106482 8.235857 4.497896 4.531853 0.000000 0.113144
 14.460001 5.105217 8.227335 4.495286 4.622219 0.000000 0.024208
 14.480001 5.105562 8.217589 4.494190 4.639803 0.000000 0.000000
 14.500001 5.105649 8.207829 4.493010 4.628761 0.000000 0.000000
 14.520001 5.105876 8.198843 4.491251 4.602853 0.000000 0.000000
 14.540001 5.105289 8.189392 4.488997 4.559786 0.000000 0.000000
 14.560001 5.104807 8.181104 4.486260 4.510420 0.000000 0.000000
 14.580001 5.103371 8.173707 4.482433 4.477918 0.000000 0.000000
 14.600001 5.104484 8.166671 4.481674 4.360759 0.000000 0.000000
 14.620001 5.106957 8.162339 4.479047 4.307315 0.000000 0.000000
 14.640001 5.111488 8.161092 4.473931 4.328705 0.000000 0.000000
 14.660001 5.115610 8.161566 4.470841 4.342418 0.000000 0.000000
 14.680001 5.119421 8.165399 4.467968 4.409642 0.000000 0.000000
 14.700001 5.124249 8.170425 4.468150 4.427681 0.000000 0.000000
 14.720001 5.126220 8.178007 4.470751 4.477674 0.000000 0.000000
 14.740001 5.129228 8.187318 4.472899 4.514460 0.000000 0.000000
 14.760001 5.128891 8.199229 4.474701 4.604610 0.000000 0.000000
 14.780001 5.126705 8.209494 4.476139 4.678251 0.000000 0.000000
 14.800001 5.122278 8.217731 4.475858 4.772499 0.000000 0.000000
 14.820001 5.117263 8.225766 4.476041 4.833819 0.000000 0.014963
 14.840001 5.110098 8.233539 4.474440 4.905612 0.000000 0.082487
 14.860001 5.102001 8.240014 4.473627 4.936412 0.000000 0.180255
 14.880001 5.098781 8.246194 4.473526 4.897225 0.000000 0.308749
 14.900001 5.096764 8.251686 4.474310 4.834031 0.000000 0.451788
 14.920001 5.094948 8.256471 4.476371 4.754023 0.000000 0.598558
 14.940001 5.093450 8.260589 4.479047 4.666998 0.000000 0.741342
 14.960001 5.090689 8.263397 4.479849 4.619064 0.000000 0.847489
 14.980001 5.086751 8.266139 4.481994 4.550103 0.000000 0.957974
 15.000001 5.079512 8.267847 4.486072 4.455169 0.000000 1.030222
 15.020001 5.074345 8.268954 4.488518 4.581042 0.000000 1.078435
 15.040001 5.066880 8.270021 4.493190 4.442023 0.000000 1.125942
 15.060001 5.060719 8.271021 4.500154 4.253993 0.000000 1.171404
 15.080001 5.055429 8.272149 4.506487 4.063766 0.000000 1.223786
 15.100001 5.052230 8.274899 4.516082 3.797582 0.000000 1.356272
 15.120001 5.050049 8.277952 4.526191 3.514725 0.000000 1.511272
 15.140001 5.048161 8.280693 4.535798 3.242651 0.000000 1.657638
 15.160001 5.048188 8.282868 4.544340 3.019592 0.000000 1.778588
 15.180001 5.047765 8.283780 4.550638 2.856014 0.000000 1.830553
 15.200001 5.049939 8.283678 4.555577 2.759831 0.000000 1.824671
 15.220001 5.053729 8.283131 4.556958 2.765737 0.000000 1.793496
 15.240001 5.057572 8.281543 4.557719 2.794158 0.000000 1.704416
 15.260001 5.061039 8.280095 4.558562 2.812133 0.000000 1.625111
 15.280001 5.062820 8.278422 4.556389 2.896412 0.000000 1.535919
 15.300001 5.064996 8.277244 4.553929 2.985499 0.000000 1.474592
 15.320001 5.065361 8.275871 4.549634 3.113399 0.000000 1.404700
 15.340001 5.067888 8.275016 4.545555 3.242829 0.000000 1.362048
 15.360001 5.068879 8.272486 4.540772 3.399184 0.000000 1.239641
 15.380001 5.071675 8.270989 4.536311 3.544995 0.000000 1.169967
 15.400001 5.074653 8.269525 4.532012 3.684405 0.000000 1.103746
 15.420001 5.077511 8.265955 4.528197 3.830805 0.000000 0.950327
 15.440001 5.081126 8.262754 4.524445 3.968392 0.000000 0.822539
 15.460001 5.081596 8.260077 4.519988 4.107353 0.000000 0.722782
 15.480001 5.085000 8.257071 4.517545 4.199988 0.000000 0.618402
 15.500001 5.087177 8.254949 4.512630 4.337534 0.000000 0.549655
 15.520001 5.088899 8.252021 4.507936 4.470879 0.000000 0.461411
 15.540001 5.091871 8.249592 4.504195 4.570262 0.000000 0.394062
 15.560001 5.094425 8.247087 4.498685 4.700785 0.000000 0.330171
 15.580001 5.099392 8.245172 4.495456 4.758710 0.000000 0.285137
 15.600001 5.102848 8.243239 4.492094 4.815422 0.000000 0.243013
 15.620001 5.108392 8.243360 4.488504 4.831844 0.000000 0.245566
 15.640001 5.112834 8.241646 4.484064 4.869576 0.000000 0.210840
 15.660001 5.116189 8.240352 4.478886 4.912056 0.000000 0.186388
 15.680001 5.119647 8.238968 4.473685 4.938624 0.000000 0.161902
 15.700001 5.122089 8.238323 4.469469 4.950951 0.000000 0.151072
 15.720001 5.126556 8.236781 4.465978 4.918483 0.000000 0.126716
 15.740001 5.129256 8.236479 4.462362 4.899184 0.000000 0.122199
 15.760001 5.134408 8.236780 4.460540 4.805781 0.000000 0.126707
 15.780001 5.138486 8.237756 4.457307 4.728121 0.000000 0.141873
 15.800001 5.144938 8.238064 4.454601 4.585996 0.000000 0.146837
 15.820001 5.148766 8.239915 4.452319 4.483184 0.000000 0.178467
 15.840001 5.150672 8.241892 4.448824 4.424128 0.000000 0.215668
 15.860001 5.150236 8.244541 4.447104 4.411182 0.000000 0.271014
 15.880001 5.145627 8.247743 4.445811 4.490958 0.000000 0.346363
 15.900001 5.139434 8.250964 4.446141 4.594697 0.000000 0.431436
 15.920001 5.131999 8.252993 4.449579 4.722594 0.000000 0.489853
 15.940001 5.127814 8.254171 4.457566 4.768563 0.000000 0.525439
 15.960001 5.123590 8.255199 4.467139 4.772424 0.000000 0.557546
 15.980001 5.121728 8.255341 4.476669 4.709332 0.000000 0.562049
 16.000001 5.121566 8.254397 4.486938 4.587354 0.000000 0.532431
 16.020001 5.118712 8.252279 4.494810 4.710869 0.000000 0.468868
 16.040001 5.117180 8.250805 4.504131 4.559472 0.000000 0.427030
 16.060001 5.111671 8.248290 4.511603 4.469851 0.000000 0.360155
 16.080001 5.106321 8.245885 4.518828 4.349636 0.000000 0.301515
 16.100001 5.097702 8.243244 4.525534 4.230462 0.000000 0.243129
 16.120001 5.087690 8.240076 4.531812 4.081779 0.000000 0.181374
 16.140001 5.078117 8.237952 4.537485 3.901871 0.000000 0.145017
 16.160001 5.069046 8.235581 4.540905 3.755589 0.000000 0.109244
 16.180001 5.061699 8.234854 4.543764 3.612544 0.000000 0.099287
 16.200001 5.052799 8.234648 4.543390 3.530876 0.000000 0.096556
 16.220001 5.046832 8.236535 4.542523 3.479300 0.000000 0.123028
 16.240001 5.040003 8.239213 4.540662 3.428129 0.000000 0.166117
 16.260001 5.035810 8.242358 4.539391 3.388056 0.000000 0.224943
 16.280001 5.035429 8.249190 4.537655 3.403813 0.000000 0.383429
 16.300001 5.034944 8.256078 4.535150 3.421856 0.000000 0.585722
 16.320001 5.037552 8.264237 4.533609 3.442547 0.000000 0.880603
 16.340001 5.040039 8.271504 4.529514 3.507114 0.000000 1.193710
 16.360001 5.045174 8.277359 4.526100 3.590157 0.000000 1.480538
 16.380001 5.049627 8.283220 4.522913 3.635704 0.000000 1.798551
 16.400001 5.054527 8.289171 4.520186 3.654693 0.000000 2.153059
 16.420001 5.060864 8.294986 4.519232 3.634432 0.000000 2.530283
 16.440001 5.066793 8.300529 4.517486 3.607424 0.000000 2.918212
 16.460001 5.073184 8.305296 4.518688 3.524488 0.000000 3.273904
 16.480001 5.076026 8.309260 4.519343 3.439033 0.000000 3.585288
 16.500001 5.080044 8.313122 4.522151 3.315688 0.000000 3.902289
 16.520001 5.081252 8.315969 4.524571 3.211639 0.000000 4.144517
 16.540001 5.080451 8.317319 4.527711 3.123527 0.000000 4.261909
 16.560001 5.081877 8.317097 4.530980 3.070022 0.000000 4.242508
 16.580001 5.080980 8.314863 4.533434 3.068074 0.000000 4.049530
 16.600001 5.082406 8.310605 4.535392 3.116834 0.000000 3.694165
 16.620001 5.080427 8.306330 4.536070 3.182249 0.000000 3.353765
 16.640001 5.080140 8.301761 4.536718 3.252685 0.000000 3.008181
 16.660001 5.080002 8.297886 4.537617 3.301145 0.000000 2.729805
 16.680001 5.078951 8.294468 4.541428 3.266950 0.000000 2.495479
 16.700001 5.077472 8.292710 4.546719 3.161773 0.000000 2.379033
 16.720001 5.071967 8.291100 4.551297 3.050706 0.000000 2.274827
 16.740001 5.067144 8.288953 4.555944 2.936576 0.000000 2.139551
 16.760001 5.060346 8.287049 4.557995 2.863265 0.000000 2.022990
 16.780001 5.055154 8.286348 4.559861 2.782886 0.000000 1.980900
 16.800001 5.049118 8.284167 4.559822 2.751935 0.000000 1.852815
 16.820001 5.042689 8.283431 4.558151 2.731544 0.000000 1.810595
 16.840001 5.037931 8.280799 4.555040 2.775288 0.000000 1.663432
 16.860001 5.030910 8.279385 4.549882 2.811963 0.000000 1.586966
 16.880001 5.026892 8.279236 4.545243 2.854652 0.000000 1.578991
 16.900001 5.020918 8.278167 4.538491 2.905782 0.000000 1.522523
 16.920001 5.016207 8.279468 4.535172 2.868972 0.000000 1.591386
 16.940001 5.013589 8.281427 4.529804 2.895917 0.000000 1.697967
 16.960001 5.011068 8.285086 4.527929 2.833466 0.000000 1.906260
 16.980001 5.010980 8.288902 4.527422 2.792331 0.000000 2.136358
 17.000001 5.009413 8.291708 4.526276 2.742073 0.000000 2.313935
 17.020001 5.009449 8.297112 4.526864 3.057771 0.000000 2.675788
 17.040001 5.009142 8.298245 4.527398 3.027202 0.000000 2.755054
 17.060001 5.009645 8.299634 4.527637 3.013314 0.000000 2.853715
 17.080001 5.009736 8.299901 4.525255 3.047292 0.000000 2.872880
 17.100001 5.010251 8.298560 4.522940 3.111997 0.000000 2.777252
 17.120001 5.009773 8.296567 4.520022 3.174388 0.000000 2.638105
 17.140001 5.009866 8.294099 4.516891 3.257338 0.000000 2.470767
 17.160001 5.010273 8.293648 4.516784 3.274225 0.000000 2.440809
 17.180001 5.010425 8.292994 4.516871 3.285880 0.000000 2.397658
 17.200001 5.011865 8.293227 4.521574 3.243682 0.000000 2.412958
 17.220001 5.011157 8.293685 4.522659 3.205955 0.000000 2.443270
 17.240001 5.012515 8.295336 4.527016 3.141367 0.000000 2.554013
 17.260001 5.015035 8.297065 4.529241 3.128603 0.000000 2.672581
 17.280001 5.019507 8.298873 4.528555 3.195191 0.000000 2.799394
 17.300001 5.025252 8.299986 4.526714 3.308626 0.000000 2.878983
 17.320001 5.029280 8.300512 4.522631 3.434937 0.000000 2.917001
 17.340001 5.035572 8.301028 4.519938 3.567937 0.000000 2.954483
 17.360001 5.039360 8.300437 4.514337 3.724088 0.000000 2.911571
 17.380001 5.044490 8.300724 4.510565 3.846114 0.000000 2.932384
 17.400001 5.048983 8.301532 4.506426 3.945320 0.000000 2.991351
 17.420001 5.052912 8.303846 4.502744 3.987959 0.000000 3.163558
 17.440001 5.056154 8.308015 4.502068 3.931414 0.000000 3.485978
 17.460001 5.058351 8.312419 4.502497 3.838432 0.000000 3.843592
 17.480001 5.059852 8.317315 4.504166 3.708025 0.000000 4.261596
 17.500001 5.059326 8.320093 4.504095 3.633982 0.000000 4.508400
 17.520001 5.058709 8.322726 4.504362 3.558400 0.000000 4.748663
 17.540001 5.057262 8.323408 4.504522 3.527865 0.000000 4.811958
 17.560001 5.053795 8.326372 4.503871 3.429076 0.000000 5.091786
 17.580001 5.051136 8.326990 4.504557 3.382047 0.000000 5.151128
 17.600001 5.049597 8.328199 4.503907 3.342804 0.000000 5.268189
 17.620001 5.049557 8.330742 4.504590 3.269971 0.000000 5.518656
 17.640001 5.049476 8.331354 4.507257 3.226329 0.000000 5.579905
 17.660001 5.052406 8.331409 4.512882 3.187733 0.000000 5.585351
 17.680001 5.055364 8.332413 4.515091 3.158519 0.000000 5.686504
 17.700001 5.055810 8.331893 4.514634 3.180495 0.000000 5.633988
 17.720001 5.053563 8.332267 4.511529 3.191090 0.000000 5.671752
 17.740001 5.051849 8.331911 4.507355 3.232121 0.000000 5.635881
 17.760001 5.049559 8.332590 4.502427 3.242384 0.000000 5.704466
 17.780001 5.047856 8.332053 4.498404 3.274064 0.000000 5.650111
 17.800001 5.045369 8.332295 4.496907 3.253096 0.000000 5.674610
 17.820001 5.042349 8.331101 4.497241 3.247997 0.000000 5.554559
 17.840001 5.041864 8.330304 4.498910 3.250129 0.000000 5.475156
 17.860001 5.040365 8.328065 4.498983 3.288451 0.000000 5.255146
 17.880001 5.036733 8.325257 4.498845 3.312511 0.000000 4.985526
 17.900001 5.034569 8.322141 4.499484 3.352932 0.000000 4.694724
 17.920001 5.030342 8.318065 4.500979 3.372292 0.000000 4.327543
 17.940001 5.028177 8.314573 4.504423 3.383418 0.000000 4.024855
 17.960001 5.024287 8.309987 4.506560 3.391858 0.000000 3.643973
 17.980001 5.023178 8.305408 4.506130 3.468777 0.000000 3.282514
 18.000001 5.022278 8.301468 4.506667 3.521427 0.000000 2.986698
 18.020001 5.023347 8.295382 4.507082 3.940373 0.000000 2.557122
 18.040001 5.025347 8.291758 4.508392 4.024167 0.000000 2.317137
 18.060001 5.027486 8.287607 4.510570 4.100851 0.000000 2.056827
 18.080001 5.030827 8.284136 4.513006 4.176725 0.000000 1.851064
 18.100001 5.036908 8.280834 4.514973 4.294199 0.000000 1.665349
 18.120001 5.044311 8.277173 4.517878 4.399017 0.000000 1.470951
 18.140001 5.053986 8.274909 4.520571 4.486821 0.000000 1.356761
 18.160001 5.061160 8.272037 4.520419 4.589296 0.000000 1.218517
 18.180001 5.066208 8.266478 4.517370 4.755969 0.000000 0.972103
 18.200001 5.067404 8.259506 4.511021 4.972436 0.000000 0.702329
 18.220001 5.066044 8.250704 4.502617 5.205229 0.000000 0.424232
 18.240001 5.064233 8.240825 4.493576 5.406555 0.000000 0.195165
 18.260001 5.065199 8.230093 4.486450 5.542659 0.000000 0.045842
 18.280001 5.067325 8.219842 4.478513 5.645625 0.000000 0.000000
 18.300001 5.070541 8.212160 4.469440 5.730136 0.000000 0.000000
 18.320001 5.077265 8.204179 4.463017 5.755531 0.000000 0.000000
 18.340001 5.084435 8.194792 4.457897 5.696963 0.000000 0.000000
 18.360001 5.092209 8.186327 4.452332 5.592462 0.000000 0.000000
 18.380001 5.098179 8.179139 4.447189 5.459551 0.000000 0.000000
 18.400001 5.099827 8.172509 4.443000 5.326847 0.000000 0.000000
 18.420001 5.098814 8.167490 4.439577 5.228637 0.000000 0.000000
 18.440001 5.095771 8.163859 4.435992 5.160430 0.000000 0.000000
 18.460001 5.095393 8.161813 4.433012 5.110100 0.000000 0.000000
 18.480001 5.093046 8.159623 4.429412 5.056023 0.000000 0.000000
 18.500001 5.093393 8.159344 4.426708 5.037038 0.000000 0.000000
 18.520001 5.095275 8.158897 4.428138 5.027542 0.000000 0.000000
 18.540001 5.098304 8.157852 4.432168 5.003767 0.000000 0.000000
 18.560001 5.101784 8.158065 4.437755 4.995828 0.000000 0.000000
 18.580001 5.104105 8.158138 4.444451 4.972265 0.000000 0.000000
 18.600001 5.105590 8.160363 4.452045 4.982447 0.000000 0.000000
 18.620001 5.103285 8.163768 4.457339 5.047448 0.000000 0.000000
 18.640001 5.100485 8.169079 4.464148 5.127287 0.000000 0.000000
 18.660001 5.093769 8.176020 4.468075 5.267149 0.000000 0.000000
 18.680001 5.088836 8.182290 4.470836 5.369264 0.000000 0.000000
 18.700001 5.084846 8.189754 4.473989 5.461793 0.000000 0.000000
 18.720001 5.083603 8.196732 4.474583 5.558460 0.000000 0.000000
 18.740001 5.085091 8.202126 4.473857 5.636923 0.000000 0.000000
 18.760001 5.088913 8.207649 4.472023 5.712427 0.000000 0.000000
 18.780001 5.095167 8.212100 4.470793 5.737994 0.000000 0.000000
 18.800001 5.101470 8.215622 4.468066 5.742000 0.000000 0.000000
 18.820001 5.109428 8.218635 4.465273 5.692503 0.000000 0.000000
 18.840001 5.115117 8.221769 4.462251 5.639908 0.000000 0.001409
 18.860001 5.119626 8.223389 4.458547 5.585563 0.000000 0.005169
 18.880001 5.123135 8.224580 4.456931 5.526329 0.000000 0.009439
 18.900001 5.122484 8.226940 4.455439 5.540967 0.000000 0.021674
 18.920001 5.120551 8.229173 4.455471 5.572153 0.000000 0.037866
 18.940001 5.118144 8.232180 4.454231 5.607553 0.000000 0.066759
 18.960001 5.113704 8.234090 4.452152 5.673058 0.000000 0.089335
 18.980001 5.110781 8.234508 4.451634 5.712749 0.000000 0.094722
 19.000001 5.108515 8.235850 4.450921 5.734586 0.000000 0.113049
 19.020001 5.107027 8.234862 4.450417 5.878204 0.000000 0.099395
 19.040001 5.102891 8.233962 4.451092 5.926539 0.000000 0.087717
 19.060001 5.098909 8.233205 4.449471 5.962317 0.000000 0.078471
 19.080001 5.094364 8.231228 4.449818 5.998323 0.000000 0.056734
 19.100001 5.090676 8.229611 4.448872 6.016164 0.000000 0.041567
 19.120001 5.087383 8.227142 4.450313 6.028953 0.000000 0.022954
 19.140001 5.086424 8.223904 4.452992 6.031246 0.000000 0.006857
 19.160001 5.087529 8.220438 4.453762 6.025554 0.000000 0.000086
 19.180001 5.090925 8.216451 4.455780 6.002921 0.000000 0.000000
 19.200001 5.095898 8.212064 4.457703 5.952740 0.000000 0.000000
 19.220001 5.100966 8.207980 4.457972 5.888147 0.000000 0.000000
 19.240001 5.106099 8.203677 4.457105 5.806964 0.000000 0.000000
 19.260001 5.109119 8.199104 4.454531 5.738456 0.000000 0.000000
 19.280001 5.111429 8.194835 4.450646 5.675037 0.000000 0.000000
 19.300001 5.112807 8.189700 4.444985 5.600620 0.000000 0.000000
 19.320001 5.112398 8.184256 4.441105 5.524734 0.000000 0.000000
 19.340001 5.111496 8.178004 4.437338 5.424102 0.000000 0.000000
 19.360001 5.111182 8.169972 4.434924 5.266533 0.000000 0.000000
 19.380001 5.111663 8.163064 4.433381 5.108868 0.000000 0.000000
 19.400001 5.113594 8.155279 4.431162 4.899460 0.000000 0.000000
 19.420001 5.116578 8.147781 4.427658 4.666287 0.000000 0.000000
 19.440001 5.121155 8.140828 4.422166 4.404230 0.000000 0.000000
 19.460001 5.125460 8.135476 4.418005 4.181389 0.000000 0.000000
 19.480001 5.131001 8.130122 4.411817 3.918931 0.000000 0.000000
 19.500001 5.131924 8.126811 4.406325 3.777368 0.000000 0.000000
 19.520001 5.130386 8.125665 4.398747 3.698351 0.000000 0.000000
 19.540001 5.128211 8.124747 4.393171 3.641426 0.000000 0.000000
 19.560001 5.123197 8.126058 4.385122 3.627143 0.000000 0.000000
 19.580001 5.118289 8.127679 4.377385 3.593012 0.000000 0.000000
 19.600001 5.113046 8.129452 4.369434 3.530854 0.000000 0.000000
 19.620001 5.109313 8.133388 4.362875 3.502457 0.000000 0.000000
 19.640001 5.104742 8.136848 4.354367 3.399724 0.000000 0.000000
 19.660001 5.104724 8.139953 4.350108 3.350201 0.000000 0.000000
 19.680001 5.105312 8.142010 4.346721 3.295469 0.000000 0.000000
 19.700001 5.104911 8.145444 4.344374 3.288245 0.000000 0.000000
 19.720001 5.105581 8.148072 4.344907 3.336962 0.000000 0.000000
 19.740001 5.105152 8.151112 4.345838 3.406173 0.000000 0.000000
 19.760001 5.106718 8.153888 4.348428 3.506422 0.000000 0.000000
 19.780001 5.107382 8.156738 4.350286 3.591617 0.000000 0.000000
 19.800001 5.105963 8.159755 4.353184 3.719009 0.000000 0.000000
 19.820001 5.105045 8.161058 4.358218 3.879933 0.000000 0.000000
 19.840001 5.103318 8.162106 4.363398 4.042466 0.000000 0.000000
 19.860001 5.104538 8.162900 4.371856 4.264179 0.000000 0.000000
 19.880001 5.102491 8.162853 4.380362 4.476440 0.000000 0.000000
 19.900001 5.101934 8.162612 4.389791 4.676481 0.000000 0.000000
 19.920001 5.101391 8.161728 4.399373 4.839354 0.000000 0.000000
 19.940001 5.100350 8.160440 4.408410 4.954834 0.000000 0.000000
 19.960001 5.099030 8.159568 4.414455 5.013377 0.000000 0.000000
