#! FIELDS time fragment_position.x fragment_position.y fragment_position.z metad_position.bias wall_lower.bias wall_upper.bias
 0.000000 4.912639 7.744089 3.855119 0.000000 0.000000 0.000000
 0.020000 4.906407 7.747587 3.852376 0.000000 0.000000 0.000000
 0.040000 4.906651 7.751378 3.852592 0.000000 0.000000 0.000000
 0.060000 4.895326 7.742889 3.854024 0.000000 0.000000 0.000000
 0.080000 4.894117 7.744683 3.857898 0.000000 0.000000 0.000000
 0.100000 4.887361 7.749973 3.871668 0.000000 0.000000 0.000000
 0.120000 4.882724 7.749588 3.877445 0.000000 0.000000 0.000000
 0.140000 4.879514 7.747483 3.879374 0.000000 0.000000 0.000000
 0.160000 4.879220 7.755699 3.891676 0.000000 0.000000 0.000000
 0.180000 4.874310 7.756774 3.904693 0.000000 0.000000 0.000000
 0.200000 4.876490 7.758855 3.907297 0.000000 0.000000 0.000000
 0.220000 4.879005 7.763014 3.908659 0.000000 0.000000 0.000000
 0.240000 4.872942 7.769510 3.905190 0.000000 0.000000 0.000000
 0.260000 4.864753 7.779623 3.907146 0.000000 0.000000 0.000000
 0.280000 4.866555 7.791959 3.899679 0.000000 0.000000 0.000000
 0.300000 4.860547 7.796872 3.891298 0.000000 0.000000 0.000000
 0.320000 4.866446 7.805307 3.889085 0.000000 0.000000 0.000000
 0.340000 4.865385 7.813776 3.893017 0.000000 0.000000 0.000000
 0.360000 4.869512 7.817730 3.888172 0.000000 0.000000 0.000000
 0.380000 4.876862 7.822637 3.881876 0.000000 0.000000 0.000000
 0.400000 4.887244 7.819966 3.891594 0.000000 0.000000 0.000000
 0.420000 4.893559 7.828697 3.899073 0.000000 0.000000 0.000000
 0.440000 4.902862 7.827558 3.913213 0.000000 0.000000 0.000000
 0.460000 4.910967 7.819044 3.922594 0.000000 0.000000 0.000000
 0.480000 4.911902 7.811835 3.930964 0.000000 0.000000 0.000000
 0.500000 4.913082 7.821099 3.933328 0.000000 0.000000 0.000000
 0.520000 4.916567 7.820264 3.938398 0.000000 0.000000 0.000000
 0.540000 4.925789 7.827911 3.940099 0.000000 0.000000 0.000000
 0.560000 4.935342 7.820924 3.943234 0.000000 0.000000 0.000000
 0.580000 4.928885 7.818565 3.940882 0.000000 0.000000 0.000000
 0.600000 4.931429 7.813346 3.934647 0.000000 0.000000 0.000000
 0.620000 4.935878 7.815562 3.933616 0.000000 0.000000 0.000000
 0.640000 4.941065 7.814313 3.928362 0.000000 0.000000 0.000000
 0.660000 4.941188 7.823484 3.922613 0.000000 0.000000 0.000000
 0.680000 4.938570 7.821309 3.909664 0.000000 0.000000 0.000000
 0.700000 4.942416 7.820253 3.905273 0.000000 0.000000 0.000000
 0.720000 4.940315 7.819718 3.898854 0.000000 0.000000 0.000000
 0.740000 4.951965 7.823666 3.904403 0.000000 0.000000 0.000000
 0.760000 4.957084 7.837141 3.900913 0.000000 0.000000 0.000000
 0.780000 4.967421 7.845549 3.905196 0.000000 0.000000 0.000000
 0.800000 4.967453 7.841676 3.905172 0.000000 0.000000 0.000000
 0.820000 4.966518 7.842522 3.903505 0.000000 0.000000 0.000000
 0.840000 4.968221 7.845357 3.904523 0.000000 0.000000 0.000000
 0.860000 4.967832 7.836798 3.909558 0.000000 0.000000 0.000000
 0.880000 4.962707 7.841590 3.913432 0.000000 0.000000 0.000000
 0.900000 4.954810 7.839951 3.909017 0.000000 0.000000 0.000000
 0.920000 4.942180 7.832316 3.906581 0.000000 0.000000 0.000000
 0.940000 4.937564 7.823835 3.898746 0.000000 0.000000 0.000000
 0.960000 4.932459 7.819052 3.902471 0.000000 0.000000 0.000000
 0.980000 4.932108 7.809673 3.902046 0.000000 0.000000 0.000000
 1.000000 4.930742 7.808572 3.899140 0.000000 0.000000 0.000000
 1.020000 4.934855 7.802639 3.889364 1.189743 0.000000 0.000000
 1.040000 4.924065 7.801617 3.889949 1.188304 0.000000 0.000000
 1.060000 4.929273 7.801196 3.892321 1.192605 0.000000 0.000000
 1.080000 4.938457 7.798926 3.900816 1.189412 0.000000 0.000000
 1.100000 4.943967 7.802382 3.907027 1.182341 0.000000 0.000000
 1.120000 4.953321 7.806842 3.905962 1.165685 0.000000 0.000000
 1.140000 4.954077 7.813924 3.900380 1.164723 0.000000 0.000000
 1.160000 4.967556 7.812344 3.893505 1.117785 0.000000 0.000000
 1.180000 4.971571 7.823134 3.892596 1.089390 0.000000 0.000000
 1.200000 4.982675 7.834910 3.892241 1.009911 0.000000 0.000000
 1.220000 4.972248 7.842617 3.888833 1.032855 0.000000 0.000000
 1.240000 4.978994 7.843601 3.874983 0.975341 0.000000 0.000000
 1.260000 4.967266 7.841784 3.870741 1.020133 0.000000 0.000000
 1.280000 4.963554 7.844207 3.858797 0.983429 0.000000 0.000000
 1.300000 4.955261 7.845412 3.862561 1.017112 0.000000 0.000000
 1.320000 4.961729 7.842774 3.856507 0.984682 0.000000 0.000000
 1.340000 4.960940 7.840706 3.861780 1.015109 0.000000 0.000000
 1.360000 4.965476 7.840222 3.862218 1.003575 0.000000 0.000000
 1.380000 4.964392 7.834728 3.866232 1.037939 0.000000 0.000000
 1.400000 4.970714 7.835582 3.864873 1.007243 0.000000 0.000000
 1.420000 4.971477 7.842363 3.870437 1.000893 0.000000 0.000000
 1.440000 4.968270 7.853455 3.879958 0.992229 0.000000 0.000000
 1.460000 4.966668 7.867103 3.883369 0.935619 0.000000 0.000000
 1.480000 4.960629 7.873050 3.883614 0.920416 0.000000 0.000000
 1.500000 4.959523 7.880746 3.884059 0.876739 0.000000 0.000000
 1.520000 4.957465 7.885909 3.890754 0.854975 0.000000 0.000000
 1.540000 4.961662 7.890714 3.899119 0.816028 0.000000 0.000000
 1.560000 4.959134 7.891801 3.912265 0.808056 0.000000 0.000000
 1.580000 4.965499 7.900986 3.921657 0.718681 0.000000 0.000000
 1.600000 4.959626 7.901081 3.931623 0.711580 0.000000 0.000000
 1.620000 4.959294 7.901046 3.937327 0.698218 0.000000 0.000000
 1.640000 4.949343 7.900576 3.936717 0.719417 0.000000 0.000000
 1.660000 4.944990 7.909801 3.928135 0.682108 0.000000 0.000000
 1.680000 4.931826 7.915150 3.921542 0.663134 0.000000 0.000000
 1.700000 4.931836 7.925818 3.912231 0.598211 0.000000 0.000000
 1.720000 4.923243 7.931280 3.903631 0.562913 0.000000 0.000000
 1.740000 4.923683 7.939811 3.890702 0.504004 0.000000 0.000000
 1.760000 4.920762 7.939163 3.889178 0.506317 0.000000 0.000000
 1.780000 4.922250 7.942790 3.880519 0.477444 0.000000 0.000000
 1.800000 4.921702 7.946700 3.880093 0.452199 0.000000 0.000000
 1.820000 4.923792 7.948407 3.879848 0.442159 0.000000 0.000000
 1.840000 4.927265 7.944717 3.885078 0.470015 0.000000 0.000000
 1.860000 4.936477 7.940207 3.889796 0.501263 0.000000 0.000000
 1.880000 4.942458 7.936898 3.900964 0.522705 0.000000 0.000000
 1.900000 4.950497 7.921543 3.907660 0.619178 0.000000 0.000000
 1.920000 4.953874 7.914946 3.921456 0.647093 0.000000 0.000000
 1.940000 4.955239 7.914066 3.924667 0.646035 0.000000 0.000000
 1.960000 4.954233 7.907983 3.931741 0.675133 0.000000 0.000000
 1.980000 4.954251 7.894615 3.930097 0.768102 0.000000 0.000000
 2.000000 4.960114 7.890457 3.935403 0.769323 0.000000 0.000000
 2.020000 4.967836 7.883556 3.934466 1.670675 0.000000 0.000000
 2.040000 4.978285 7.880676 3.941228 1.617152 0.000000 0.000000
 2.060000 4.975215 7.876821 3.935937 1.667728 0.000000 0.000000
 2.080000 4.981379 7.870370 3.923440 1.685121 0.000000 0.000000
 2.100000 4.982887 7.868944 3.912029 1.682019 0.000000 0.000000
 2.120000 4.978302 7.863596 3.906334 1.719735 0.000000 0.000000
 2.140000 4.979471 7.860819 3.909885 1.725151 0.000000 0.000000
 2.160000 4.982946 7.855293 3.907350 1.711074 0.000000 0.000000
 2.180000 4.983708 7.853783 3.910608 1.711991 0.000000 0.000000
 2.200000 4.982590 7.840881 3.902964 1.715543 0.000000 0.000000
 2.220000 4.976372 7.837522 3.902848 1.753063 0.000000 0.000000
 2.240000 4.973240 7.834644 3.894604 1.746192 0.000000 0.000000
 2.260000 4.975555 7.837681 3.899172 1.749473 0.000000 0.000000
 2.280000 4.979725 7.846260 3.906146 1.739736 0.000000 0.000000
 2.300000 4.970018 7.846460 3.912804 1.800311 0.000000 0.000000
 2.320000 4.976413 7.851965 3.906580 1.755516 0.000000 0.000000
 2.340000 4.967088 7.863118 3.894409 1.744398 0.000000 0.000000
 2.360000 4.962416 7.868923 3.886457 1.706254 0.000000 0.000000
 2.380000 4.960112 7.872717 3.893808 1.728555 0.000000 0.000000
 2.400000 4.970968 7.887861 3.896109 1.618379 0.000000 0.000000
 2.420000 4.976155 7.885252 3.899569 1.621303 0.000000 0.000000
 2.440000 4.979450 7.882737 3.882882 1.549620 0.000000 0.000000
 2.460000 4.979301 7.895354 3.870101 1.399382 0.000000 0.000000
 2.480000 4.976495 7.905874 3.859294 1.265106 0.000000 0.000000
 2.500000 4.981927 7.906060 3.861058 1.253578 0.000000 0.000000
 2.520000 4.988208 7.908943 3.871050 1.267705 0.000000 0.000000
 2.540000 4.995526 7.917804 3.875082 1.184967 0.000000 0.000000
 2.560000 5.008351 7.925048 3.871081 1.034064 0.000000 0.000000
 2.580000 5.014944 7.927811 3.860452 0.917640 0.000000 0.000000
 2.600000 5.023597 7.922327 3.867356 0.931613 0.000000 0.000000
 2.620000 5.030967 7.925668 3.867289 0.859089 0.000000 0.000000
 2.640000 5.025944 7.924056 3.868908 0.911923 0.000000 0.000000
 2.660000 5.022137 7.919959 3.864099 0.939627 0.000000 0.000000
 2.680000 5.015780 7.916475 3.862084 0.993616 0.000000 0.000000
 2.700000 5.012106 7.916433 3.862112 1.018655 0.000000 0.000000
 2.720000 5.008223 7.914022 3.868065 1.094250 0.000000 0.000000
 2.740000 5.009362 7.904243 3.871222 1.165339 0.000000 0.000000
 2.760000 5.006545 7.895845 3.877654 1.269490 0.000000 0.000000
 2.780000 5.012378 7.899015 3.877658 1.206323 0.000000 0.000000
 2.800000 5.017991 7.898679 3.881417 1.179773 0.000000 0.000000
 2.820000 5.015931 7.892173 3.900231 1.297430 0.000000 0.000000
 2.840000 5.022625 7.900093 3.917543 1.218880 0.000000 0.000000
 2.860000 5.019857 7.911861 3.920651 1.175150 0.000000 0.000000
 2.880000 5.021877 7.909984 3.918791 1.169340 0.000000 0.000000
 2.900000 5.019897 7.910266 3.924919 1.183777 0.000000 0.000000
 2.920000 5.022874 7.922528 3.920425 1.080904 0.000000 0.000000
 2.940000 5.015309 7.927115 3.929506 1.103229 0.000000 0.000000
 2.960000 5.015173 7.931547 3.929739 1.071215 0.000000 0.000000
 2.980000 5.008097 7.936476 3.940314 1.066085 0.000000 0.000000
 3.000000 5.008292 7.938494 3.934174 1.058095 0.000000 0.000000
 3.020000 4.999491 7.938346 3.927540 1.896285 0.000000 0.000000
 3.040000 4.993539 7.932391 3.926332 1.973052 0.000000 0.000000
 3.060000 4.989855 7.926050 3.935343 2.029819 0.000000 0.000000
 3.080000 4.989243 7.928938 3.937730 2.005112 0.000000 0.000000
 3.100000 4.990218 7.932873 3.934000 1.976466 0.000000 0.000000
 3.120000 4.983701 7.930496 3.943471 1.993244 0.000000 0.000000
 3.140000 4.983234 7.927675 3.940023 2.027442 0.000000 0.000000
 3.160000 4.973237 7.931506 3.945952 1.991112 0.000000 0.000000
 3.180000 4.977327 7.939842 3.949446 1.900609 0.000000 0.000000
 3.200000 4.969031 7.949314 3.963387 1.739661 0.000000 0.000000
 3.220000 4.975255 7.953228 3.968452 1.670660 0.000000 0.000000
 3.240000 4.969112 7.956582 3.978690 1.561700 0.000000 0.000000
 3.260000 4.974729 7.961931 3.978804 1.512765 0.000000 0.000000
 3.280000 4.964136 7.967791 3.987731 1.376077 0.000000 0.000000
 3.300000 4.965989 7.970769 3.995639 1.285409 0.000000 0.000000
 3.320000 4.959453 7.978608 3.990705 1.238945 0.000000 0.000000
 3.340000 4.961987 7.979521 3.990310 1.238316 0.000000 0.000000
 3.360000 4.964555 7.979366 4.000420 1.164689 0.000000 0.000000
 3.380000 4.961757 7.975497 4.002077 1.180693 0.000000 0.000000
 3.400000 4.956048 7.983297 4.001875 1.100403 0.000000 0.000000
 3.420000 4.959117 7.985231 3.996210 1.133236 0.000000 0.000000
 3.440000 4.962245 7.980616 3.986563 1.255441 0.000000 0.000000
 3.460000 4.958799 7.971895 3.984757 1.348336 0.000000 0.000000
 3.480000 4.958466 7.966404 3.973972 1.480154 0.000000 0.000000
 3.500000 4.959326 7.965790 3.975214 1.480139 0.000000 0.000000
 3.520000 4.969299 7.955172 3.973647 1.613529 0.000000 0.000000
 3.540000 4.970357 7.951440 3.975253 1.637332 0.000000 0.000000
 3.560000 4.971728 7.937911 3.971084 1.788769 0.000000 0.000000
 3.580000 4.973697 7.940168 3.983622 1.662835 0.000000 0.000000
 3.600000 4.992785 7.947584 3.991552 1.506197 0.000000 0.000000
 3.620000 4.982728 7.958426 4.009698 1.262376 0.000000 0.000000
 3.640000 4.990098 7.965072 4.013804 1.164925 0.000000 0.000000
 3.660000 4.984481 7.963627 4.009206 1.226777 0.000000 0.000000
 3.680000 4.989956 7.967217 4.007342 1.210626 0.000000 0.000000
 3.700000 4.983215 7.963711 4.008574 1.233249 0.000000 0.000000
 3.720000 4.976761 7.958904 4.004617 1.311902 0.000000 0.000000
 3.740000 4.964903 7.962139 3.999512 1.325910 0.000000 0.000000
 3.760000 4.964422 7.963372 4.002503 1.286661 0.000000 0.000000
 3.780000 4.961062 7.966895 3.992280 1.341160 0.000000 0.000000
 3.800000 4.952553 7.960816 3.980282 1.474033 0.000000 0.000000
 3.820000 4.958258 7.954883 3.977551 1.568513 0.000000 0.000000
 3.840000 4.959595 7.958651 3.979259 1.522307 0.000000 0.000000
 3.860000 4.968286 7.969684 3.975011 1.457528 0.000000 0.000000
 3.880000 4.970049 7.976071 3.974168 1.397918 0.000000 0.000000
 3.900000 4.964574 7.968511 3.972129 1.483144 0.000000 0.000000
 3.920000 4.970641 7.972593 3.979674 1.398173 0.000000 0.000000
 3.940000 4.976776 7.969858 3.982736 1.406457 0.000000 0.000000
 3.960000 4.966461 7.975709 3.994436 1.250187 0.000000 0.000000
 3.980000 4.961315 7.972393 4.006455 1.168504 0.000000 0.000000
 4.000000 4.957272 7.968856 4.014853 1.111716 0.000000 0.000000
 4.020000 4.954890 7.965804 4.016649 1.879974 0.000000 0.000000
 4.040000 4.944133 7.965567 4.020170 1.810332 0.000000 0.000000
 4.060000 4.939103 7.969859 4.027687 1.683112 0.000000 0.000000
 4.080000 4.933633 7.976502 4.031303 1.573631 0.000000 0.000000
 4.100000 4.939432 7.980913 4.040714 1.475237 0.000000 0.000000
 4.120000 4.932104 7.980092 4.038549 1.469160 0.000000 0.000000
 4.140000 4.927355 7.988844 4.033594 1.424639 0.000000 0.000000
 4.160000 4.932697 7.990307 4.032690 1.449167 0.000000 0.000000
 4.180000 4.934160 8.001680 4.034087 1.348484 0.000000 0.000000
 4.200000 4.920165 8.012298 4.036846 1.166084 0.000000 0.000000
 4.220000 4.917686 8.024343 4.044245 1.002282 0.000000 0.000000
 4.240000 4.917394 8.031501 4.046827 0.926144 0.000000 0.000000
 4.260000 4.913234 8.038109 4.052298 0.823596 0.000000 0.000000
 4.280000 4.918069 8.030337 4.053106 0.899353 0.000000 0.000000
 4.300000 4.917937 8.031931 4.056704 0.863825 0.000000 0.000000
 4.320000 4.920871 8.029479 4.061877 0.859754 0.000000 0.000000
 4.340000 4.924196 8.020167 4.072654 0.858568 0.000000 0.000000
 4.360000 4.923732 8.010442 4.068877 0.948537 0.000000 0.000000
 4.380000 4.922982 7.998531 4.064869 1.054079 0.000000 0.000000
 4.400000 4.941116 7.987539 4.069181 1.143261 0.000000 0.000000
 4.420000 4.935646 7.975620 4.068908 1.188676 0.000000 0.000000
 4.440000 4.942910 7.974519 4.077294 1.122795 0.000000 0.000000
 4.460000 4.949874 7.971148 4.079005 1.131780 0.000000 0.000000
 4.480000 4.954582 7.974133 4.090788 0.994916 0.000000 0.000000
 4.500000 4.945269 7.976082 4.088536 0.998085 0.000000 0.000000
 4.520000 4.946831 7.975994 4.074864 1.153344 0.000000 0.000000
 4.540000 4.936097 7.975414 4.063326 1.252453 0.000000 0.000000
 4.560000 4.931200 7.971015 4.059539 1.294988 0.000000 0.000000
 4.580000 4.923872 7.980317 4.056262 1.246970 0.000000 0.000000
 4.600000 4.915653 7.986413 4.047300 1.249718 0.000000 0.000000
 4.620000 4.916272 7.990758 4.041898 1.272040 0.000000 0.000000
 4.640000 4.924172 7.995794 4.035073 1.338861 0.000000 0.000000
 4.660000 4.919814 7.993543 4.032487 1.351556 0.000000 0.000000
 4.680000 4.931533 8.005831 4.025940 1.360723 0.000000 0.000000
 4.700000 4.926747 8.012434 4.029556 1.250053 0.000000 0.000000
 4.720000 4.923144 8.021719 4.031528 1.133169 0.000000 0.000000
 4.740000 4.920667 8.024736 4.031259 1.094305 0.000000 0.000000
 4.760000 4.916641 8.038034 4.029954 0.957847 0.000000 0.000000
 4.780000 4.912818 8.041423 4.033666 0.891214 0.000000 0.000000
 4.800000 4.912466 8.039243 4.038210 0.886213 0.000000 0.000000
 4.820000 4.911906 8.042424 4.043364 0.831393 0.000000 0.000000
 4.840000 4.909827 8.034637 4.049682 0.849264 0.000000 0.000000
 4.860000 4.916934 8.036464 4.054555 0.838753 0.000000 0.000000
 4.880000 4.909772 8.019345 4.055137 0.927799 0.000000 0.000000
 4.900000 4.914042 8.015507 4.051409 1.004128 0.000000 0.000000
 4.920000 4.904727 8.016680 4.051826 0.941441 0.000000 0.000000
 4.940000 4.900114 8.020321 4.051898 0.888791 0.000000 0.000000
 4.960000 4.891914 8.024698 4.057342 0.779622 0.000000 0.000000
 4.980000 4.902136 8.022461 4.051384 0.888626 0.000000 0.000000
 5.000000 4.900846 8.025999 4.046678 0.883972 0.000000 0.000000
 5.020000 4.910463 8.021419 4.043375 1.830237 0.000000 0.000000
 5.040000 4.912227 8.020046 4.044328 1.842780 0.000000 0.000000
 5.060000 4.911349 8.014157 4.045876 1.869658 0.000000 0.000000
 5.080000 4.914615 8.012762 4.043604 1.909669 0.000000 0.000000
 5.100000 4.924253 8.007550 4.039208 2.012932 0.000000 0.000000
 5.120000 4.928268 7.999267 4.039327 2.077717 0.000000 0.000000
 5.140000 4.945521 7.992598 4.043916 2.099267 0.000000 0.000000
 5.160000 4.952389 7.983024 4.045454 2.124092 0.000000 0.000000
 5.180000 4.960285 7.977482 4.048954 2.091131 0.000000 0.000000
 5.200000 4.966759 7.976198 4.046550 2.102287 0.000000 0.000000
 5.220000 4.966503 7.971966 4.037077 2.221951 0.000000 0.000000
 5.240000 4.965427 7.974223 4.033842 2.250954 0.000000 0.000000
 5.260000 4.965757 7.981114 4.026237 2.286760 0.000000 0.000000
 5.280000 4.963952 7.980442 4.025723 2.300627 0.000000 0.000000
 5.300000 4.958298 7.984369 4.026397 2.285089 0.000000 0.000000
 5.320000 4.965931 7.986076 4.024482 2.269696 0.000000 0.000000
 5.340000 4.962998 7.990280 4.022543 2.264739 0.000000 0.000000
 5.360000 4.968131 7.992537 4.023981 2.221037 0.000000 0.000000
 5.380000 4.969256 7.997929 4.033743 2.101721 0.000000 0.000000
 5.400000 4.971332 8.000479 4.039105 2.029620 0.000000 0.000000
 5.420000 4.966794 8.000357 4.041508 2.029002 0.000000 0.000000
 5.440000 4.967801 7.994428 4.031230 2.152532 0.000000 0.000000
 5.460000 4.962771 7.993643 4.034915 2.144553 0.000000 0.000000
 5.480000 4.972871 7.993895 4.034838 2.104367 0.000000 0.000000
 5.500000 4.976344 7.991199 4.037114 2.083763 0.000000 0.000000
 5.520000 4.980435 7.992069 4.040210 2.025942 0.000000 0.000000
 5.540000 4.986425 7.987541 4.041529 1.999411 0.000000 0.000000
 5.560000 4.996424 7.987588 4.036304 1.970753 0.000000 0.000000
 5.580000 4.995324 7.992650 4.030264 2.000724 0.000000 0.000000
 5.600000 4.996365 7.997595 4.028744 1.968403 0.000000 0.000000
 5.620000 4.999897 8.005574 4.032599 1.846688 0.000000 0.000000
 5.640000 5.008631 8.016066 4.031269 1.687964 0.000000 0.000000
 5.660000 5.015836 8.014149 4.027787 1.655992 0.000000 0.000000
 5.680000 5.008442 8.010504 4.023456 1.788008 0.000000 0.000000
 5.700000 5.012189 8.014102 4.015952 1.759310 0.000000 0.000000
 5.720000 5.023350 8.023790 4.008585 1.577250 0.000000 0.000000
 5.740000 5.021507 8.034786 4.001604 1.498096 0.000000 0.000000
 5.760000 5.021781 8.042448 4.007054 1.398919 0.000000 0.000000
 5.780000 5.027885 8.041826 4.001844 1.358173 0.000000 0.000000
 5.800000 5.028623 8.046895 4.002217 1.295044 0.000000 0.000000
 5.820000 5.027253 8.057637 4.004040 1.186307 0.000000 0.000000
 5.840000 5.016529 8.065498 4.022387 1.152692 0.000000 0.000000
 5.860000 5.008219 8.077146 4.032052 1.062636 0.000000 0.000000
 5.880000 5.010332 8.071665 4.038755 1.083456 0.000000 0.000000
 5.900000 5.005456 8.063682 4.046016 1.169371 0.000000 0.000000
 5.920000 4.993647 8.055998 4.061047 1.242990 0.000000 0.000000
 5.940000 4.994153 8.068395 4.076677 1.028522 0.000000 0.000000
 5.960000 4.994575 8.085826 4.085720 0.828043 0.000000 0.000000
 5.980000 4.980564 8.098764 4.106175 0.678444 0.000000 0.000000
 6.000000 4.984668 8.093896 4.114506 0.648337 0.000000 0.000000
 6.020000 4.988907 8.086361 4.116064 1.589925 0.000000 0.000000
 6.040000 5.003129 8.093757 4.123672 1.431178 0.000000 0.000000
 6.060000 5.000573 8.101167 4.138337 1.311344 0.000000 0.000000
 6.080000 4.989597 8.117840 4.153574 1.153737 0.000000 0.000000
 6.100000 4.983106 8.120422 4.167761 1.046519 0.000000 0.000000
 6.120000 4.989808 8.133794 4.182139 0.858132 0.000000 0.000000
 6.140000 4.989873 8.129620 4.189716 0.821672 0.000000 0.000000
 6.160000 4.987529 8.124003 4.198509 0.779885 0.000000 0.000000
 6.180000 4.986515 8.125072 4.204482 0.730533 0.000000 0.000000
 6.200000 4.980897 8.134497 4.210839 0.653725 0.000000 0.000000
 6.220000 4.970432 8.146027 4.216454 0.573742 0.000000 0.000000
 6.240000 4.960806 8.143257 4.216665 0.579253 0.000000 0.000000
 6.260000 4.968488 8.144753 4.214252 0.593089 0.000000 0.000000
 6.280000 4.978378 8.144588 4.215289 0.586042 0.000000 0.000000
 6.300000 4.977276 8.154316 4.214204 0.554952 0.000000 0.000000
 6.320000 4.959289 8.157500 4.210984 0.556831 0.000000 0.000000
 6.340000 4.956058 8.172721 4.205644 0.515100 0.000000 0.000000
 6.360000 4.955582 8.184341 4.201665 0.478672 0.000000 0.000000
 6.380000 4.966681 8.179142 4.202948 0.504597 0.000000 0.000000
 6.400000 4.968318 8.181175 4.207962 0.470399 0.000000 0.000000
 6.420000 4.976754 8.179082 4.207748 0.481960 0.000000 0.000000
 6.440000 4.975459 8.183697 4.214112 0.430441 0.000000 0.000000
 6.460000 4.965428 8.185209 4.223228 0.380517 0.000000 0.000000
 6.480000 4.950056 8.181740 4.223002 0.384854 0.000000 0.000000
 6.500000 4.952162 8.181100 4.226108 0.374936 0.000000 0.000000
 6.520000 4.960695 8.182280 4.235081 0.336440 0.000000 0.000000
 6.540000 4.954675 8.169879 4.245923 0.322253 0.000000 0.000000
 6.560000 4.949218 8.174693 4.248632 0.293372 0.000000 0.000000
 6.580000 4.939833 8.183214 4.243299 0.283481 0.000000 0.000000
 6.600000 4.932721 8.199000 4.238754 0.247461 0.000000 0.000000
 6.620000 4.927361 8.206548 4.235541 0.230446 0.000000 0.000000
 6.640000 4.929104 8.218908 4.232762 0.205374 0.000000 0.000000
 6.660000 4.932847 8.208963 4.219872 0.278105 0.000000 0.000000
 6.680000 4.938984 8.218523 4.219660 0.252167 0.000000 0.000000
 6.700000 4.935833 8.218944 4.218907 0.249946 0.000000 0.000000
 6.720000 4.934905 8.230972 4.216386 0.216300 0.000000 0.054175
 6.740000 4.937493 8.240244 4.212714 0.197704 0.000000 0.184421
 6.760000 4.942759 8.236907 4.221254 0.192907 0.000000 0.128626
 6.780000 4.946527 8.233550 4.219153 0.210301 0.000000 0.082619
 6.800000 4.953865 8.242152 4.218040 0.190526 0.000000 0.220816
 6.820000 4.957029 8.239858 4.211300 0.213755 0.000000 0.177456
 6.840000 4.956623 8.232132 4.205679 0.253985 0.000000 0.066234
 6.860000 4.959927 8.236160 4.193841 0.268809 0.000000 0.117522
 6.880000 4.967391 8.229692 4.190511 0.307227 0.000000 0.042267
 6.900000 4.958868 8.219016 4.181984 0.378657 0.000000 0.000000
 6.920000 4.953353 8.224788 4.180623 0.349520 0.000000 0.010318
 6.940000 4.941869 8.231228 4.173468 0.325309 0.000000 0.056735
 6.960000 4.936052 8.242838 4.171533 0.270063 0.000000 0.234701
 6.980000 4.930457 8.236666 4.168814 0.296482 0.000000 0.124983
 7.000000 4.931628 8.237198 4.167079 0.298840 0.000000 0.133104
 7.020000 4.922556 8.240537 4.161932 1.339609 0.000000 0.189804
 7.040000 4.917185 8.244336 4.167300 1.298658 0.000000 0.266519
 7.060000 4.899169 8.237078 4.173420 1.245745 0.000000 0.131248
 7.080000 4.895430 8.238228 4.176796 1.213750 0.000000 0.149516
 7.100000 4.890530 8.231247 4.184909 1.184837 0.000000 0.056919
 7.120000 4.898572 8.223646 4.191981 1.218451 0.000000 0.005982
 7.140000 4.903937 8.205806 4.197977 1.241971 0.000000 0.000000
 7.160000 4.920668 8.189260 4.204955 1.268961 0.000000 0.000000
 7.180000 4.915271 8.180368 4.200883 1.279180 0.000000 0.000000
 7.200000 4.909760 8.181499 4.201110 1.255802 0.000000 0.000000
 7.220000 4.905004 8.171945 4.199975 1.236542 0.000000 0.000000
 7.240000 4.912760 8.176065 4.190443 1.341080 0.000000 0.000000
 7.260000 4.921874 8.161765 4.181094 1.436372 0.000000 0.000000
 7.280000 4.924230 8.152941 4.175496 1.478823 0.000000 0.000000
 7.300000 4.928265 8.150277 4.163918 1.566076 0.000000 0.000000
 7.320000 4.931583 8.153983 4.162898 1.579717 0.000000 0.000000
 7.340000 4.938111 8.155586 4.157124 1.622928 0.000000 0.000000
 7.360000 4.932765 8.149975 4.157792 1.613835 0.000000 0.000000
 7.380000 4.947313 8.150757 4.154625 1.652849 0.000000 0.000000
 7.400000 4.949335 8.150836 4.152562 1.663373 0.000000 0.000000
 7.420000 4.961481 8.159250 4.151498 1.644827 0.000000 0.000000
 7.440000 4.953826 8.158150 4.158930 1.621806 0.000000 0.000000
 7.460000 4.964088 8.166826 4.156612 1.603529 0.000000 0.000000
 7.480000 4.972259 8.163276 4.150120 1.613796 0.000000 0.000000
 7.500000 4.984112 8.154968 4.146393 1.599418 0.000000 0.000000
 7.520000 4.984105 8.155931 4.142721 1.608687 0.000000 0.000000
 7.540000 4.989648 8.151863 4.145512 1.581707 0.000000 0.000000
 7.560000 4.998625 8.163894 4.145271 1.495281 0.000000 0.000000
 7.580000 5.001600 8.166877 4.143298 1.471247 0.000000 0.000000
 7.600000 5.003749 8.164046 4.140142 1.472429 0.000000 0.000000
 7.620000 5.007705 8.163205 4.146292 1.430833 0.000000 0.000000
 7.640000 5.014913 8.163104 4.142505 1.384642 0.000000 0.000000
 7.660000 5.016062 8.164063 4.153031 1.342395 0.000000 0.000000
 7.680000 5.008902 8.161918 4.154674 1.397856 0.000000 0.000000
 7.700000 5.006820 8.164239 4.164579 1.366660 0.000000 0.000000
 7.720000 5.010641 8.151576 4.164116 1.363111 0.000000 0.000000
 7.740000 5.005919 8.149639 4.173891 1.341311 0.000000 0.000000
 7.760000 4.999122 8.148885 4.184669 1.310747 0.000000 0.000000
 7.780000 4.998336 8.150595 4.204862 1.157449 0.000000 0.000000
 7.800000 4.999340 8.152348 4.217481 1.045854 0.000000 0.000000
 7.820000 4.994792 8.144800 4.227703 0.967454 0.000000 0.000000
 7.840000 4.986235 8.139905 4.236668 0.908328 0.000000 0.000000
 7.860000 4.986053 8.142831 4.241836 0.866489 0.000000 0.000000
 7.880000 4.980818 8.145342 4.252478 0.788303 0.000000 0.000000
 7.900000 4.980479 8.158190 4.254675 0.789060 0.000000 0.000000
 7.920000 4.972503 8.158483 4.250071 0.848864 0.000000 0.000000
 7.940000 4.976364 8.166334 4.251135 0.840848 0.000000 0.000000
 7.960000 4.974138 8.163650 4.252490 0.830431 0.000000 0.000000
 7.980000 4.972837 8.165090 4.250137 0.856458 0.000000 0.000000
 8.000000 4.963957 8.157937 4.247446 0.886642 0.000000 0.000000
 8.020000 4.967001 8.168712 4.248926 1.718886 0.000000 0.000000
 8.040000 4.966962 8.162738 4.247270 1.730278 0.000000 0.000000
 8.060000 4.967358 8.157151 4.242215 1.767756 0.000000 0.000000
 8.080000 4.960722 8.155806 4.236218 1.826848 0.000000 0.000000
 8.100000 4.958951 8.144660 4.230747 1.846168 0.000000 0.000000
 8.120000 4.956598 8.151219 4.234875 1.830020 0.000000 0.000000
 8.140000 4.955684 8.148078 4.229802 1.864194 0.000000 0.000000
 8.160000 4.952500 8.145316 4.220177 1.931118 0.000000 0.000000
 8.180000 4.958164 8.141422 4.215780 1.953833 0.000000 0.000000
 8.200000 4.966498 8.144116 4.214170 1.964450 0.000000 0.000000
 8.220000 4.966391 8.139416 4.207649 1.995673 0.000000 0.000000
 8.240000 4.969678 8.145454 4.197124 2.062944 0.000000 0.000000
 8.260000 4.970723 8.146613 4.197303 2.061179 0.000000 0.000000
 8.280000 4.975054 8.149562 4.197457 2.050257 0.000000 0.000000
 8.300000 4.973749 8.146420 4.197820 2.048752 0.000000 0.000000
 8.320000 4.973338 8.137436 4.194423 2.048607 0.000000 0.000000
 8.340000 4.976650 8.130089 4.192429 2.026941 0.000000 0.000000
 8.360000 4.984341 8.128082 4.191625 1.990592 0.000000 0.000000
 8.380000 4.985635 8.122011 4.184884 1.999087 0.000000 0.000000
 8.400000 4.980132 8.117557 4.179402 2.037134 0.000000 0.000000
 8.420000 4.980268 8.110383 4.168981 2.056914 0.000000 0.000000
 8.440000 4.980110 8.106469 4.168475 2.045254 0.000000 0.000000
 8.460000 4.982087 8.103458 4.158512 2.068491 0.000000 0.000000
 8.480000 4.982615 8.097700 4.157606 2.051000 0.000000 0.000000
 8.500000 4.984740 8.099961 4.152633 2.066602 0.000000 0.000000
 8.520000 4.991103 8.112273 4.158538 2.040634 0.000000 0.000000
 8.540000 4.995679 8.123846 4.157189 2.031989 0.000000 0.000000
 8.560000 4.993319 8.127852 4.153503 2.058777 0.000000 0.000000
 8.580000 4.997819 8.133593 4.150795 2.029529 0.000000 0.000000
 8.600000 5.016847 8.136376 4.155543 1.850236 0.000000 0.000000
 8.620000 5.021800 8.140056 4.153502 1.796024 0.000000 0.000000
 8.640000 5.026182 8.151400 4.150425 1.729213 0.000000 0.000000
 8.660000 5.021583 8.155242 4.158056 1.776513 0.000000 0.000000
 8.680000 5.026235 8.163292 4.160863 1.705713 0.000000 0.000000
 8.700000 5.034792 8.151344 4.157581 1.629528 0.000000 0.000000
 8.720000 5.038201 8.141734 4.155628 1.601285 0.000000 0.000000
 8.740000 5.029588 8.122178 4.157214 1.701796 0.000000 0.000000
 8.760000 5.041136 8.118216 4.162738 1.550743 0.000000 0.000000
 8.780000 5.042208 8.117594 4.168321 1.524426 0.000000 0.000000
 8.800000 5.031121 8.122879 4.178330 1.634183 0.000000 0.000000
 8.820000 5.022417 8.121905 4.196229 1.649077 0.000000 0.000000
 8.840000 5.029656 8.120987 4.209604 1.500954 0.000000 0.000000
 8.860000 5.030024 8.112813 4.216852 1.425226 0.000000 0.000000
 8.880000 5.031068 8.110413 4.223734 1.361615 0.000000 0.000000
 8.900000 5.023595 8.116781 4.231804 1.402051 0.000000 0.000000
 8.920000 5.024094 8.118282 4.241825 1.330873 0.000000 0.000000
 8.940000 5.033438 8.116951 4.246015 1.215029 0.000000 0.000000
 8.960000 5.025621 8.113510 4.244546 1.277256 0.000000 0.000000
 8.980000 5.019116 8.115195 4.241760 1.358302 0.000000 0.000000
 9.000000 5.020237 8.115496 4.245196 1.324290 0.000000 0.000000
 9.020000 5.026292 8.116132 4.232181 2.069912 0.000000 0.000000
 9.040000 5.011764 8.106456 4.226047 2.176954 0.000000 0.000000
 9.060000 5.004988 8.106664 4.221174 2.250172 0.000000 0.000000
 9.080000 5.001273 8.100800 4.209811 2.294717 0.000000 0.000000
 9.100000 5.007456 8.095595 4.204422 2.246923 0.000000 0.000000
 9.120000 4.996110 8.087695 4.201119 2.262941 0.000000 0.000000
 9.140000 4.986052 8.090191 4.197550 2.334037 0.000000 0.000000
 9.160000 4.985176 8.102409 4.203432 2.399019 0.000000 0.000000
 9.180000 4.988225 8.103317 4.209953 2.364566 0.000000 0.000000
 9.200000 4.977761 8.105603 4.206334 2.417614 0.000000 0.000000
 9.220000 4.976911 8.117193 4.208520 2.472315 0.000000 0.000000
 9.240000 4.979805 8.127403 4.212490 2.491953 0.000000 0.000000
 9.260000 4.982985 8.128730 4.214507 2.480052 0.000000 0.000000
 9.280000 4.984840 8.144928 4.216294 2.495124 0.000000 0.000000
 9.300000 4.973078 8.155618 4.220949 2.487369 0.000000 0.000000
 9.320000 4.971392 8.170972 4.223937 2.438897 0.000000 0.000000
 9.340000 4.971465 8.173351 4.228396 2.402537 0.000000 0.000000
 9.360000 4.966269 8.167522 4.219481 2.475498 0.000000 0.000000
 9.380000 4.953990 8.158555 4.218046 2.473186 0.000000 0.000000
 9.400000 4.962150 8.168899 4.215401 2.488805 0.000000 0.000000
 9.420000 4.957095 8.167584 4.210177 2.505862 0.000000 0.000000
 9.440000 4.948550 8.164963 4.206251 2.497864 0.000000 0.000000
 9.460000 4.937631 8.170931 4.204483 2.431637 0.000000 0.000000
 9.480000 4.932219 8.174161 4.204306 2.386599 0.000000 0.000000
 9.500000 4.930697 8.176052 4.200982 2.380439 0.000000 0.000000
 9.520000 4.922456 8.174073 4.197539 2.327347 0.000000 0.000000
 9.540000 4.908146 8.184983 4.191072 2.161901 0.000000 0.000000
 9.560000 4.906097 8.189881 4.196811 2.110312 0.000000 0.000000
 9.580000 4.904764 8.188520 4.201185 2.089973 0.000000 0.000000
 9.600000 4.900879 8.178974 4.198696 2.081471 0.000000 0.000000
 9.620000 4.896465 8.186183 4.202873 1.995957 0.000000 0.000000
 9.640000 4.898004 8.187215 4.205389 2.003299 0.000000 0.000000
 9.660000 4.897132 8.180106 4.203849 2.017456 0.000000 0.000000
 9.680000 4.900726 8.173985 4.208392 2.057413 0.000000 0.000000
 9.700000 4.899481 8.161458 4.212065 2.035885 0.000000 0.000000
 9.720000 4.902816 8.161093 4.222214 2.023346 0.000000 0.000000
 9.740000 4.908436 8.158932 4.220843 2.097657 0.000000 0.000000
 9.760000 4.908252 8.151195 4.217449 2.108538 0.000000 0.000000
 9.780000 4.904194 8.146862 4.212222 2.081078 0.000000 0.000000
 9.800000 4.908440 8.143536 4.210863 2.133162 0.000000 0.000000
 9.820000 4.914257 8.141176 4.202051 2.235617 0.000000 0.000000
 9.840000 4.912929 8.147926 4.194478 2.257087 0.000000 0.000000
 9.860000 4.910749 8.155954 4.190510 2.246428 0.000000 0.000000
 9.880000 4.909889 8.161923 4.183118 2.245698 0.000000 0.000000
 9.900000 4.911421 8.154136 4.171218 2.272964 0.000000 0.000000
 9.920000 4.916816 8.150110 4.153069 2.310890 0.000000 0.000000
 9.940000 4.922402 8.135627 4.140761 2.345358 0.000000 0.000000
 9.960000 4.930693 8.134729 4.129092 2.366799 0.000000 0.000000
 9.980000 4.939827 8.133273 4.120346 2.381015 0.000000 0.000000
 10.000000 4.933528 8.143553 4.112995 2.270776 0.000000 0.000000
 10.020000 4.929284 8.152486 4.112415 2.682971 0.000000 0.000000
 10.040000 4.934832 8.160006 4.104816 2.607149 0.000000 0.000000
 10.060000 4.948349 8.157489 4.090829 2.524091 0.000000 0.000000
 10.080000 4.941288 8.151536 4.084290 2.481026 0.000000 0.000000
 10.100000 4.944897 8.161854 4.080035 2.363528 0.000000 0.000000
 10.120000 4.943732 8.171592 4.080059 2.281359 0.000000 0.000000
 10.140000 4.951601 8.172821 4.081515 2.295656 0.000000 0.000000
 10.160000 4.955795 8.171009 4.083720 2.337044 0.000000 0.000000
 10.180000 4.960977 8.166752 4.086762 2.402829 0.000000 0.000000
 10.200000 4.966666 8.172607 4.081158 2.271869 0.000000 0.000000
 10.220000 4.968823 8.170958 4.090027 2.384842 0.000000 0.000000
 10.240000 4.960462 8.168358 4.105821 2.596313 0.000000 0.000000
 10.260000 4.963766 8.169815 4.109395 2.614038 0.000000 0.000000
 10.280000 4.970635 8.174425 4.108543 2.547839 0.000000 0.000000
 10.300000 4.967470 8.165833 4.110908 2.649170 0.000000 0.000000
 10.320000 4.962835 8.162558 4.117263 2.739426 0.000000 0.000000
 10.340000 4.957736 8.174952 4.122048 2.696285 0.000000 0.000000
 10.360000 4.952732 8.185974 4.123365 2.612470 0.000000 0.000000
 10.380000 4.938505 8.197075 4.129828 2.530793 0.000000 0.000000
 10.400000 4.931375 8.192676 4.136836 2.585113 0.000000 0.000000
 10.420000 4.930811 8.195738 4.138669 2.565730 0.000000 0.000000
 10.440000 4.931062 8.206582 4.138515 2.463333 0.000000 0.000000
 10.460000 4.929154 8.204915 4.145452 2.506233 0.000000 0.000000
 10.480000 4.935952 8.194885 4.148262 2.646416 0.000000 0.000000
 10.500000 4.950045 8.188669 4.146164 2.732100 0.000000 0.000000
 10.520000 4.955625 8.191573 4.138423 2.667754 0.000000 0.000000
 10.540001 4.953459 8.187311 4.137535 2.700517 0.000000 0.000000
 10.560001 4.952206 8.181899 4.144995 2.784422 0.000000 0.000000
 10.580001 4.956164 8.180799 4.146850 2.803503 0.000000 0.000000
 10.600001 4.955947 8.183856 4.147438 2.782025 0.000000 0.000000
 10.620001 4.952440 8.174167 4.153167 2.869706 0.000000 0.000000
 10.640001 4.953727 8.157693 4.145626 2.934031 0.000000 0.000000
 10.660001 4.960685 8.155589 4.134125 2.894457 0.000000 0.000000
 10.680001 4.963270 8.146336 4.128833 2.900074 0.000000 0.000000
 10.700001 4.958568 8.144184 4.135383 2.943050 0.000000 0.000000
 10.720001 4.954730 8.137484 4.139238 2.970400 0.000000 0.000000
 10.740001 4.959233 8.146706 4.146478 2.977309 0.000000 0.000000
 10.760001 4.948113 8.150534 4.151527 2.962509 0.000000 0.000000
 10.780001 4.934911 8.167096 4.151502 2.840240 0.000000 0.000000
 10.800001 4.929767 8.172495 4.151666 2.779937 0.000000 0.000000
 10.820001 4.934634 8.176527 4.141407 2.750384 0.000000 0.000000
 10.840001 4.944371 8.175071 4.136013 2.773997 0.000000 0.000000
 10.860001 4.951223 8.170409 4.130942 2.790788 0.000000 0.000000
 10.880001 4.967846 8.168288 4.125211 2.751769 0.000000 0.000000
 10.900001 4.976257 8.166529 4.124025 2.719897 0.000000 0.000000
 10.920001 4.979182 8.164339 4.121423 2.698467 0.000000 0.000000
 10.940001 4.970183 8.159735 4.118889 2.750469 0.000000 0.000000
 10.960001 4.983238 8.151233 4.122110 2.754322 0.000000 0.000000
 10.980001 4.995554 8.135199 4.125074 2.739162 0.000000 0.000000
 11.000001 4.994452 8.120741 4.117922 2.738648 0.000000 0.000000
 11.020001 4.987733 8.111531 4.124903 3.222381 0.000000 0.000000
 11.040001 4.995838 8.114393 4.119600 3.137788 0.000000 0.000000
 11.060001 5.002374 8.114937 4.121702 3.082772 0.000000 0.000000
 11.080001 4.996298 8.123898 4.130337 3.176996 0.000000 0.000000
 11.100001 4.991760 8.132625 4.134258 3.216921 0.000000 0.000000
 11.120001 4.995102 8.148285 4.127483 3.094157 0.000000 0.000000
 11.140001 5.008118 8.158060 4.132135 2.925059 0.000000 0.000000
 11.160001 4.999359 8.171161 4.128911 2.899272 0.000000 0.000000
 11.180001 4.997967 8.180795 4.121257 2.759783 0.000000 0.000000
 11.200001 5.007120 8.183115 4.123786 2.658462 0.000000 0.000000
 11.220001 5.024593 8.184661 4.120737 2.394114 0.000000 0.000000
 11.240001 5.022976 8.179346 4.119539 2.461866 0.000000 0.000000
 11.260001 5.034510 8.180952 4.116830 2.255001 0.000000 0.000000
 11.280001 5.038262 8.176777 4.115990 2.228645 0.000000 0.000000
 11.300001 5.044166 8.178118 4.117657 2.134637 0.000000 0.000000
 11.320001 5.045638 8.168427 4.122749 2.225382 0.000000 0.000000
 11.340001 5.041553 8.164443 4.124897 2.337705 0.000000 0.000000
 11.360001 5.043575 8.153659 4.133894 2.421440 0.000000 0.000000
 11.380001 5.054452 8.146247 4.135254 2.266460 0.000000 0.000000
 11.400001 5.053947 8.130407 4.136612 2.329544 0.000000 0.000000
 11.420001 5.054327 8.118668 4.135959 2.330587 0.000000 0.000000
 11.440001 5.071827 8.107787 4.130160 1.974726 0.000000 0.000000
 11.460001 5.070175 8.092367 4.132616 1.977078 0.000000 0.000000
 11.480001 5.073041 8.082160 4.139342 1.892879 0.000000 0.000000
 11.500001 5.071553 8.091628 4.142143 1.962065 0.000000 0.000000
 11.520001 5.077279 8.090221 4.149741 1.856061 0.000000 0.000000
 11.540001 5.079392 8.091322 4.158185 1.821115 0.000000 0.000000
 11.560001 5.084844 8.090871 4.157931 1.720919 0.000000 0.000000
 11.580001 5.077038 8.090741 4.162297 1.857632 0.000000 0.000000
 11.600001 5.086714 8.084638 4.169441 1.647177 0.000000 0.000000
 11.620001 5.087145 8.089324 4.175078 1.652654 0.000000 0.000000
 11.640001 5.085013 8.100007 4.178718 1.727954 0.000000 0.000000
 11.660001 5.083171 8.103930 4.169253 1.787650 0.000000 0.000000
 11.680001 5.085360 8.101533 4.161051 1.746662 0.000000 0.000000
 11.700001 5.085762 8.085832 4.153762 1.684334 0.000000 0.000000
 11.720001 5.080218 8.085203 4.151065 1.780930 0.000000 0.000000
 11.740001 5.077480 8.090591 4.152489 1.854303 0.000000 0.000000
 11.760001 5.066404 8.105039 4.155966 2.110096 0.000000 0.000000
 11.780001 5.065316 8.111171 4.154754 2.144652 0.000000 0.000000
 11.800001 5.051832 8.102143 4.158183 2.367523 0.000000 0.000000
 11.820001 5.054520 8.096050 4.152577 2.296744 0.000000 0.000000
 11.840001 5.061534 8.089176 4.153802 2.136782 0.000000 0.000000
 11.860001 5.064467 8.080621 4.163836 2.021260 0.000000 0.000000
 11.880001 5.068988 8.078532 4.161805 1.932488 0.000000 0.000000
 11.900001 5.080631 8.078011 4.164840 1.723146 0.000000 0.000000
 11.920001 5.081208 8.081961 4.172232 1.723033 0.000000 0.000000
 11.940001 5.085084 8.098749 4.173889 1.729930 0.000000 0.000000
 11.960001 5.079966 8.109835 4.171225 1.860646 0.000000 0.000000
 11.980001 5.079324 8.118566 4.168861 1.890050 0.000000 0.000000
 12.000001 5.080867 8.126252 4.172836 1.863560 0.000000 0.000000
 12.020001 5.074518 8.125447 4.176177 2.547154 0.000000 0.000000
 12.040001 5.071386 8.119528 4.172347 2.603501 0.000000 0.000000
 12.060001 5.072249 8.124304 4.163812 2.593539 0.000000 0.000000
 12.080001 5.072449 8.118333 4.164540 2.584273 0.000000 0.000000
 12.100001 5.060715 8.125586 4.164907 2.804943 0.000000 0.000000
 12.120001 5.063371 8.130742 4.164901 2.755648 0.000000 0.000000
 12.140001 5.060679 8.135149 4.166408 2.798269 0.000000 0.000000
 12.160001 5.064027 8.129428 4.165179 2.745002 0.000000 0.000000
 12.180001 5.061778 8.126651 4.162266 2.784345 0.000000 0.000000
 12.200001 5.061953 8.114727 4.154273 2.758846 0.000000 0.000000
 12.220001 5.058028 8.110307 4.143112 2.791795 0.000000 0.000000
 12.240001 5.058649 8.098818 4.140031 2.730246 0.000000 0.000000
 12.260001 5.060716 8.098564 4.146844 2.710285 0.000000 0.000000
 12.280001 5.066302 8.100734 4.141211 2.606514 0.000000 0.000000
 12.300001 5.069911 8.101614 4.141647 2.545563 0.000000 0.000000
 12.320001 5.071398 8.106045 4.143706 2.539788 0.000000 0.000000
 12.340001 5.065767 8.106750 4.144755 2.648367 0.000000 0.000000
 12.360001 5.064453 8.105503 4.137751 2.645337 0.000000 0.000000
 12.380001 5.069136 8.097801 4.136266 2.526203 0.000000 0.000000
 12.400001 5.064646 8.100298 4.134069 2.609456 0.000000 0.000000
 12.420001 5.066692 8.095087 4.147257 2.587705 0.000000 0.000000
 12.440001 5.067424 8.101670 4.146051 2.603260 0.000000 0.000000
 12.460001 5.072179 8.098649 4.151969 2.515038 0.000000 0.000000
 12.480001 5.069711 8.101660 4.147198 2.564340 0.000000 0.000000
 12.500001 5.076606 8.094758 4.144792 2.401068 0.000000 0.000000
 12.520001 5.071152 8.088626 4.133135 2.433925 0.000000 0.000000
 12.540001 5.068373 8.084929 4.131776 2.458658 0.000000 0.000000
 12.560001 5.066257 8.092620 4.129443 2.528716 0.000000 0.000000
 12.580001 5.074575 8.080992 4.136413 2.336711 0.000000 0.000000
 12.600001 5.071512 8.076817 4.137001 2.363169 0.000000 0.000000
 12.620001 5.078512 8.078068 4.141152 2.256720 0.000000 0.000000
 12.640001 5.077166 8.083472 4.150981 2.333173 0.000000 0.000000
 12.660001 5.084915 8.084401 4.157025 2.205223 0.000000 0.000000
 12.680001 5.086273 8.080558 4.158196 2.153302 0.000000 0.000000
 12.700001 5.085376 8.078927 4.156852 2.156631 0.000000 0.000000
 12.720001 5.082552 8.069657 4.157659 2.127230 0.000000 0.000000
 12.740001 5.085188 8.066833 4.158437 2.056502 0.000000 0.000000
 12.760001 5.081813 8.057377 4.166222 2.005722 0.000000 0.000000
 12.780001 5.070790 8.069491 4.171239 2.299707 0.000000 0.000000
 12.800001 5.069250 8.063052 4.186799 2.194035 0.000000 0.000000
 12.820001 5.065950 8.067610 4.191831 2.269458 0.000000 0.000000
 12.840001 5.056801 8.059813 4.201055 2.239611 0.000000 0.000000
 12.860001 5.046094 8.067049 4.200466 2.468170 0.000000 0.000000
 12.880001 5.042661 8.068525 4.208350 2.463072 0.000000 0.000000
 12.900001 5.035631 8.066104 4.209228 2.495689 0.000000 0.000000
 12.920001 5.029437 8.057046 4.216523 2.350546 0.000000 0.000000
 12.940001 5.021540 8.055063 4.210731 2.435668 0.000000 0.000000
 12.960001 5.020158 8.049217 4.219921 2.258028 0.000000 0.000000
 12.980001 5.012219 8.041539 4.221502 2.155722 0.000000 0.000000
 13.000001 5.010120 8.037329 4.219749 2.112612 0.000000 0.000000
 13.020001 4.996944 8.033107 4.220089 2.580420 0.000000 0.000000
 13.040001 4.991104 8.030615 4.225788 2.473979 0.000000 0.000000
 13.060001 4.985458 8.025565 4.222710 2.415283 0.000000 0.000000
 13.080001 4.981313 8.025889 4.222663 2.413164 0.000000 0.000000
 13.100001 4.969495 8.022392 4.220313 2.338062 0.000000 0.000000
 13.120001 4.972003 8.026392 4.214633 2.480400 0.000000 0.000000
 13.140001 4.973058 8.016160 4.214956 2.299350 0.000000 0.000000
 13.160001 4.978236 8.021977 4.204732 2.524623 0.000000 0.000000
 13.180001 4.983683 8.017834 4.198562 2.517504 0.000000 0.000000
 13.200001 4.994831 8.022608 4.197046 2.619174 0.000000 0.000000
 13.220001 5.004814 8.015464 4.194777 2.483430 0.000000 0.000000
 13.240001 5.001545 8.020599 4.185761 2.659499 0.000000 0.000000
 13.260001 5.006367 8.013571 4.184688 2.519445 0.000000 0.000000
 13.280001 5.003183 8.014142 4.178605 2.584618 0.000000 0.000000
 13.300001 5.006301 8.007185 4.180418 2.429374 0.000000 0.000000
 13.320001 4.999833 8.007720 4.178008 2.478625 0.000000 0.000000
 13.340001 5.002954 8.005293 4.171172 2.467811 0.000000 0.000000
 13.360001 5.000044 8.007274 4.177282 2.474603 0.000000 0.000000
 13.380001 5.010227 8.008856 4.180371 2.443600 0.000000 0.000000
 13.400001 5.009006 8.009223 4.179039 2.465068 0.000000 0.000000
 13.420001 5.006246 8.010439 4.186688 2.446624 0.000000 0.000000
 13.440001 5.005550 8.007546 4.193741 2.341249 0.000000 0.000000
 13.460001 5.005447 8.009375 4.198124 2.340775 0.000000 0.000000
 13.480001 4.996232 8.008869 4.204743 2.294253 0.000000 0.000000
 13.500001 4.999352 8.014922 4.203062 2.416834 0.000000 0.000000
 13.520001 5.010308 8.012182 4.205300 2.316587 0.000000 0.000000
 13.540001 5.023570 8.018844 4.210922 2.324823 0.000000 0.000000
 13.560001 5.030469 8.022229 4.215313 2.300290 0.000000 0.000000
 13.580001 5.031504 8.033522 4.219655 2.440609 0.000000 0.000000
 13.600001 5.037335 8.033624 4.227171 2.322690 0.000000 0.000000
 13.620001 5.044914 8.035855 4.231808 2.243724 0.000000 0.000000
 13.640001 5.040051 8.033119 4.238954 2.172415 0.000000 0.000000
 13.660001 5.029596 8.038228 4.243389 2.274357 0.000000 0.000000
 13.680001 5.031293 8.035894 4.247816 2.176933 0.000000 0.000000
 13.700001 5.013766 8.034225 4.263329 2.034633 0.000000 0.000000
 13.720001 5.005351 8.030675 4.269895 1.911867 0.000000 0.000000
 13.740001 4.987592 8.024659 4.269461 1.825805 0.000000 0.000000
 13.760001 4.981644 8.023324 4.278521 1.674945 0.000000 0.000000
 13.780001 4.982335 8.026001 4.283987 1.639017 0.000000 0.000000
 13.800001 4.974432 8.034312 4.285626 1.697451 0.000000 0.000000
 13.820001 4.967694 8.041888 4.287631 1.732289 0.000000 0.000000
 13.840001 4.971609 8.045961 4.290951 1.747326 0.000000 0.000000
 13.860001 4.983048 8.037707 4.295479 1.622876 0.000000 0.000000
 13.880001 4.983421 8.037158 4.294083 1.637516 0.000000 0.000000
 13.900001 4.993915 8.031753 4.288758 1.665055 0.000000 0.000000
 13.920001 4.991939 8.031284 4.287810 1.670569 0.000000 0.000000
 13.940001 5.006075 8.032625 4.287992 1.686480 0.000000 0.000000
 13.960001 5.009477 8.037159 4.277772 1.883692 0.000000 0.000000
 13.980001 5.012601 8.027419 4.267308 1.888604 0.000000 0.000000
 14.000001 5.018579 8.019407 4.257298 1.878996 0.000000 0.000000
 14.020001 5.017223 8.009337 4.246367 2.408343 0.000000 0.000000
 14.040001 5.012875 8.011256 4.237463 2.539421 0.000000 0.000000
 14.060001 5.016167 8.007812 4.226555 2.562480 0.000000 0.000000
 14.080001 5.022216 8.003380 4.223495 2.478707 0.000000 0.000000
 14.100001 5.019763 8.000671 4.224085 2.436872 0.000000 0.000000
 14.120001 5.022854 8.013848 4.218891 2.695478 0.000000 0.000000
 14.140001 5.020456 8.015334 4.214301 2.766260 0.000000 0.000000
 14.160001 5.022202 8.015537 4.218794 2.729780 0.000000 0.000000
 14.180001 5.017590 8.008238 4.226322 2.566481 0.000000 0.000000
 14.200001 5.013308 8.011238 4.226589 2.633200 0.000000 0.000000
 14.220001 5.005993 8.012976 4.229658 2.653458 0.000000 0.000000
 14.240001 5.008813 8.011255 4.234252 2.577671 0.000000 0.000000
 14.260001 5.005448 8.010101 4.238725 2.519341 0.000000 0.000000
 14.280001 5.015116 8.016130 4.232174 2.665408 0.000000 0.000000
 14.300001 5.009343 8.020097 4.229150 2.777020 0.000000 0.000000
 14.320001 5.003893 8.019226 4.231992 2.743221 0.000000 0.000000
 14.340001 4.995037 8.019557 4.240322 2.660142 0.000000 0.000000
 14.360001 4.994243 8.024375 4.232557 2.821089 0.000000 0.000000
 14.380001 4.991320 8.028868 4.221007 3.004551 0.000000 0.000000
 14.400001 4.994337 8.029582 4.219535 3.034444 0.000000 0.000000
 14.420001 4.997388 8.022238 4.217261 2.927998 0.000000 0.000000
 14.440001 4.998197 8.028050 4.209658 3.089814 0.000000 0.000000
 14.460001 5.002886 8.025890 4.198885 3.116730 0.000000 0.000000
 14.480001 4.999728 8.016667 4.200332 2.944464 0.000000 0.000000
 14.500001 5.004539 8.007312 4.193480 2.794898 0.000000 0.000000
 14.520001 5.012208 8.004713 4.187398 2.745183 0.000000 0.000000
 14.540001 5.020697 8.015272 4.178668 2.922187 0.000000 0.000000
 14.560001 5.029720 8.015193 4.177368 2.846976 0.000000 0.000000
 14.580001 5.043281 8.013524 4.181683 2.669382 0.000000 0.000000
 14.600001 5.047338 8.013179 4.175300 2.622883 0.000000 0.000000
 14.620001 5.042911 8.020284 4.173778 2.796805 0.000000 0.000000
 14.640001 5.039473 8.011482 4.182807 2.673633 0.000000 0.000000
 14.660001 5.039549 8.007381 4.190217 2.583303 0.000000 0.000000
 14.680001 5.035775 8.012998 4.192844 2.713042 0.000000 0.000000
 14.700001 5.034346 8.025656 4.200590 2.917041 0.000000 0.000000
 14.720001 5.026347 8.030148 4.203155 3.049880 0.000000 0.000000
 14.740001 5.026331 8.028947 4.216698 2.946812 0.000000 0.000000
 14.760001 5.014960 8.035581 4.214115 3.141430 0.000000 0.000000
 14.780001 5.003628 8.038427 4.213422 3.229484 0.000000 0.000000
 14.800001 4.991489 8.036888 4.214052 3.201656 0.000000 0.000000
 14.820001 4.990424 8.022931 4.225336 2.860130 0.000000 0.000000
 14.840001 4.988615 8.026964 4.214653 3.022456 0.000000 0.000000
 14.860001 4.993530 8.028078 4.213468 3.059584 0.000000 0.000000
 14.880001 4.996463 8.022645 4.204328 3.031486 0.000000 0.000000
 14.900001 5.000091 8.006708 4.202975 2.738965 0.000000 0.000000
 14.920001 4.996898 8.012589 4.195084 2.899995 0.000000 0.000000
 14.940001 4.990294 8.003463 4.189219 2.753752 0.000000 0.000000
 14.960001 4.984250 8.003543 4.187359 2.757597 0.000000 0.000000
 14.980001 4.985210 7.985713 4.193831 2.373846 0.000000 0.000000
 15.000001 4.988112 7.999293 4.191233 2.659140 0.000000 0.000000
 15.020001 4.987168 8.009222 4.192327 3.256748 0.000000 0.000000
 15.040001 4.986751 8.006426 4.200996 3.149326 0.000000 0.000000
 15.060001 4.982500 8.001753 4.208550 2.994130 0.000000 0.000000
 15.080001 4.983928 8.014218 4.213777 3.185065 0.000000 0.000000
 15.100001 4.978938 8.021366 4.210889 3.316053 0.000000 0.000000
 15.120001 4.977995 8.006512 4.217678 2.985396 0.000000 0.000000
 15.140001 4.977249 8.011190 4.221590 3.027820 0.000000 0.000000
 15.160001 4.985165 8.016866 4.217804 3.198311 0.000000 0.000000
 15.180001 4.986241 8.037820 4.203872 3.668888 0.000000 0.000000
 15.200001 4.989463 8.028998 4.204258 3.532868 0.000000 0.000000
 15.220001 4.985198 8.033631 4.204678 3.595234 0.000000 0.000000
 15.240001 4.982776 8.039099 4.206720 3.654262 0.000000 0.000000
 15.260001 4.978547 8.045240 4.200077 3.777377 0.000000 0.000000
 15.280001 4.971072 8.025280 4.205301 3.384610 0.000000 0.000000
 15.300001 4.959007 8.024445 4.209330 3.231291 0.000000 0.000000
 15.320001 4.955113 8.018800 4.207759 3.112195 0.000000 0.000000
 15.340001 4.950952 8.020741 4.193895 3.214099 0.000000 0.000000
 15.360001 4.948465 8.012037 4.202949 2.965851 0.000000 0.000000
 15.380001 4.946635 8.006253 4.206668 2.813852 0.000000 0.000000
 15.400001 4.945777 8.003045 4.209020 2.728213 0.000000 0.000000
 15.420001 4.940710 8.003912 4.206960 2.699570 0.000000 0.000000
 15.440001 4.933617 7.994317 4.213144 2.394058 0.000000 0.000000
 15.460001 4.935810 7.987830 4.220873 2.244202 0.000000 0.000000
 15.480001 4.939144 7.995613 4.226942 2.354727 0.000000 0.000000
 15.500001 4.945354 7.999198 4.224034 2.517225 0.000000 0.000000
 15.520001 4.941973 8.006532 4.228302 2.552127 0.000000 0.000000
 15.540001 4.945603 8.000346 4.234484 2.430789 0.000000 0.000000
 15.560001 4.944497 8.011497 4.229616 2.648506 0.000000 0.000000
 15.580001 4.938883 8.020506 4.226697 2.743413 0.000000 0.000000
 15.600001 4.936887 8.030969 4.231021 2.812034 0.000000 0.000000
 15.620001 4.940001 8.029484 4.235850 2.778229 0.000000 0.000000
 15.640001 4.954019 8.036761 4.223671 3.213618 0.000000 0.000000
 15.660001 4.959601 8.046520 4.210577 3.552156 0.000000 0.000000
 15.680001 4.960492 8.052166 4.198006 3.747409 0.000000 0.000000
 15.700001 4.963491 8.048037 4.204604 3.668136 0.000000 0.000000
 15.720001 4.970494 8.049582 4.199213 3.793395 0.000000 0.000000
 15.740001 4.968435 8.053267 4.198870 3.827246 0.000000 0.000000
 15.760001 4.970442 8.058250 4.203276 3.866159 0.000000 0.000000
 15.780001 4.977845 8.047894 4.215419 3.670817 0.000000 0.000000
 15.800001 4.988088 8.055918 4.216643 3.797238 0.000000 0.000000
 15.820001 4.996175 8.063597 4.223042 3.817615 0.000000 0.000000
 15.840001 5.001121 8.069247 4.225329 3.838198 0.000000 0.000000
 15.860001 5.009396 8.055854 4.242372 3.463322 0.000000 0.000000
 15.880001 5.030855 8.057938 4.247495 3.272940 0.000000 0.000000
 15.900001 5.043470 8.063274 4.249385 3.153819 0.000000 0.000000
 15.920001 5.048599 8.068602 4.254065 3.057541 0.000000 0.000000
 15.940001 5.062515 8.057128 4.263085 2.658723 0.000000 0.000000
 15.960001 5.073959 8.062977 4.262239 2.529434 0.000000 0.000000
 15.980001 5.083258 8.074427 4.263223 2.410108 0.000000 0.000000
 16.000001 5.092204 8.079804 4.262993 2.267860 0.000000 0.000000
 16.020001 5.110079 8.079628 4.270262 2.332662 0.000000 0.000000
 16.040001 5.118476 8.095039 4.273986 2.141177 0.000000 0.000000
 16.060001 5.125870 8.112144 4.268781 2.017434 0.000000 0.000000
 16.080001 5.123027 8.113578 4.270273 2.051455 0.000000 0.000000
 16.100001 5.133944 8.110086 4.272641 1.836674 0.000000 0.000000
 16.120001 5.132083 8.119112 4.273318 1.832066 0.000000 0.000000
 16.140001 5.127669 8.134668 4.267081 1.888392 0.000000 0.000000
 16.160001 5.130229 8.139173 4.273467 1.755073 0.000000 0.000000
 16.180001 5.132750 8.143510 4.277505 1.645563 0.000000 0.000000
 16.200001 5.123727 8.147939 4.280547 1.731233 0.000000 0.000000
 16.220001 5.113772 8.152616 4.271035 1.955125 0.000000 0.000000
 16.240001 5.107583 8.136547 4.271205 2.197540 0.000000 0.000000
 16.260001 5.100720 8.131189 4.271396 2.356734 0.000000 0.000000
 16.280001 5.099928 8.130625 4.270763 2.382540 0.000000 0.000000
 16.300001 5.094576 8.140887 4.254501 2.583110 0.000000 0.000000
 16.320001 5.103309 8.133270 4.253828 2.485827 0.000000 0.000000
 16.340001 5.107191 8.128401 4.250004 2.478701 0.000000 0.000000
 16.360001 5.106134 8.132481 4.245644 2.507755 0.000000 0.000000
 16.380001 5.105053 8.137405 4.233768 2.576536 0.000000 0.000000
 16.400001 5.109381 8.142045 4.233998 2.443684 0.000000 0.000000
 16.420001 5.107041 8.141925 4.236389 2.478511 0.000000 0.000000
 16.440001 5.104256 8.148540 4.238060 2.460555 0.000000 0.000000
 16.460001 5.097688 8.146628 4.233233 2.646102 0.000000 0.000000
 16.480001 5.091989 8.146115 4.230191 2.787544 0.000000 0.000000
 16.500001 5.093504 8.135879 4.230109 2.856053 0.000000 0.000000
 16.520001 5.091275 8.139352 4.226556 2.892969 0.000000 0.000000
 16.540001 5.091522 8.135533 4.219854 2.957700 0.000000 0.000000
 16.560001 5.100171 8.129355 4.217242 2.827627 0.000000 0.000000
 16.580001 5.105667 8.118645 4.217650 2.767956 0.000000 0.000000
 16.600001 5.112532 8.121814 4.215343 2.601018 0.000000 0.000000
 16.620001 5.121254 8.117413 4.208804 2.432819 0.000000 0.000000
 16.640001 5.131368 8.122408 4.203080 2.182266 0.000000 0.000000
 16.660001 5.137396 8.117700 4.193788 2.058560 0.000000 0.000000
 16.680001 5.139456 8.121171 4.192284 1.997162 0.000000 0.000000
 16.700001 5.138584 8.118102 4.184850 2.011029 0.000000 0.000000
 16.720001 5.137475 8.111742 4.183061 2.050018 0.000000 0.000000
 16.740001 5.141509 8.107185 4.183419 1.971689 0.000000 0.000000
 16.760001 5.135365 8.107449 4.180224 2.098047 0.000000 0.000000
 16.780001 5.138980 8.105871 4.176416 2.005704 0.000000 0.000000
 16.800001 5.136065 8.091928 4.177179 2.083075 0.000000 0.000000
 16.820001 5.124744 8.082622 4.183977 2.358112 0.000000 0.000000
 16.840001 5.110924 8.070353 4.182261 2.636340 0.000000 0.000000
 16.860001 5.102390 8.066213 4.184021 2.818970 0.000000 0.000000
 16.880001 5.098596 8.056481 4.182736 2.833579 0.000000 0.000000
 16.900001 5.096705 8.051715 4.190910 2.857110 0.000000 0.000000
 16.920001 5.097648 8.056256 4.190980 2.874957 0.000000 0.000000
 16.940001 5.090000 8.051923 4.195190 3.011521 0.000000 0.000000
 16.960001 5.085601 8.038570 4.196944 2.962898 0.000000 0.000000
 16.980001 5.075926 8.031910 4.209301 3.053125 0.000000 0.000000
 17.000001 5.061630 8.033814 4.202603 3.335094 0.000000 0.000000
 17.020001 5.054526 8.030693 4.206573 3.701518 0.000000 0.000000
 17.040001 5.046525 8.028978 4.202547 3.790159 0.000000 0.000000
 17.060001 5.045392 8.019715 4.208597 3.625021 0.000000 0.000000
 17.080001 5.035404 8.031984 4.206200 3.946328 0.000000 0.000000
 17.100001 5.033045 8.033913 4.210362 3.978403 0.000000 0.000000
 17.120001 5.028857 8.037310 4.205968 4.084840 0.000000 0.000000
 17.140001 5.032227 8.035690 4.213085 3.997306 0.000000 0.000000
 17.160001 5.033426 8.054726 4.210423 4.255080 0.000000 0.000000
 17.180001 5.041578 8.057751 4.208724 4.209720 0.000000 0.000000
 17.200001 5.039515 8.065142 4.217164 4.248220 0.000000 0.000000
 17.220001 5.040010 8.066514 4.224941 4.189310 0.000000 0.000000
 17.240001 5.044180 8.073438 4.228524 4.152418 0.000000 0.000000
 17.260001 5.050636 8.079213 4.233898 4.039990 0.000000 0.000000
 17.280001 5.057960 8.079447 4.238076 3.889777 0.000000 0.000000
 17.300001 5.063396 8.081882 4.247964 3.689305 0.000000 0.000000
 17.320001 5.057830 8.089990 4.255741 3.665631 0.000000 0.000000
 17.340001 5.060766 8.094071 4.253658 3.651936 0.000000 0.000000
 17.360001 5.065298 8.084763 4.256090 3.549280 0.000000 0.000000
 17.380001 5.059601 8.085080 4.260622 3.562271 0.000000 0.000000
 17.400001 5.055420 8.078328 4.258244 3.643783 0.000000 0.000000
 17.420001 5.053832 8.084288 4.258220 3.676395 0.000000 0.000000
 17.440001 5.053279 8.084251 4.264527 3.576990 0.000000 0.000000
 17.460001 5.051751 8.084373 4.267471 3.542502 0.000000 0.000000
 17.480001 5.053289 8.080001 4.275777 3.362544 0.000000 0.000000
 17.500001 5.050051 8.083157 4.271493 3.484673 0.000000 0.000000
 17.520001 5.062461 8.072141 4.278543 3.181642 0.000000 0.000000
 17.540001 5.070780 8.077708 4.288481 2.901007 0.000000 0.000000
 17.560001 5.079093 8.080059 4.294618 2.674735 0.000000 0.000000
 17.580001 5.082141 8.070009 4.293612 2.629207 0.000000 0.000000
 17.600001 5.084519 8.067808 4.295413 2.555777 0.000000 0.000000
 17.620001 5.088204 8.065037 4.291531 2.560386 0.000000 0.000000
 17.640001 5.091141 8.057076 4.293241 2.452272 0.000000 0.000000
 17.660001 5.093643 8.049837 4.291561 2.401829 0.000000 0.000000
 17.680001 5.100674 8.049782 4.289186 2.329448 0.000000 0.000000
 17.700001 5.112704 8.049180 4.293536 2.069334 0.000000 0.000000
 17.720001 5.117778 8.048870 4.288927 2.045821 0.000000 0.000000
 17.740001 5.113038 8.043878 4.283390 2.168235 0.000000 0.000000
 17.760001 5.106332 8.055014 4.280298 2.391870 0.000000 0.000000
 17.780001 5.107125 8.061261 4.277480 2.445773 0.000000 0.000000
 17.800001 5.110161 8.070711 4.272360 2.488819 0.000000 0.000000
 17.820001 5.110378 8.076985 4.275165 2.461080 0.000000 0.000000
 17.840001 5.102583 8.093297 4.268518 2.699212 0.000000 0.000000
 17.860001 5.105305 8.095987 4.276163 2.537288 0.000000 0.000000
 17.880001 5.097235 8.092513 4.275739 2.699921 0.000000 0.000000
 17.900001 5.084967 8.087715 4.273622 2.955219 0.000000 0.000000
 17.920001 5.073055 8.086010 4.267454 3.252359 0.000000 0.000000
 17.940001 5.078757 8.082933 4.270068 3.115569 0.000000 0.000000
 17.960001 5.090470 8.080280 4.260493 3.043598 0.000000 0.000000
 17.980001 5.096707 8.084607 4.265213 2.864166 0.000000 0.000000
 18.000001 5.098710 8.078978 4.264320 2.832015 0.000000 0.000000
 18.020001 5.099758 8.079169 4.262335 3.222163 0.000000 0.000000
 18.040001 5.109279 8.069448 4.260817 3.021476 0.000000 0.000000
 18.060001 5.107304 8.077578 4.253211 3.163461 0.000000 0.000000
 18.080001 5.105567 8.079050 4.249822 3.235593 0.000000 0.000000
 18.100001 5.105861 8.080036 4.252575 3.204400 0.000000 0.000000
 18.120001 5.111216 8.079382 4.250829 3.102445 0.000000 0.000000
 18.140001 5.102006 8.085497 4.246356 3.349084 0.000000 0.000000
 18.160001 5.094629 8.076106 4.245126 3.505843 0.000000 0.000000
 18.180001 5.094018 8.078352 4.235478 3.600303 0.000000 0.000000
 18.200001 5.090264 8.083687 4.230059 3.723747 0.000000 0.000000
 18.220001 5.087382 8.085465 4.225001 3.813706 0.000000 0.000000
 18.240001 5.085412 8.086205 4.222148 3.869022 0.000000 0.000000
 18.260001 5.088929 8.089071 4.223626 3.786216 0.000000 0.000000
 18.280001 5.091607 8.093738 4.230232 3.687405 0.000000 0.000000
 18.300001 5.096005 8.099426 4.224875 3.600208 0.000000 0.000000
 18.320001 5.101319 8.105803 4.232463 3.412462 0.000000 0.000000
 18.340001 5.106318 8.102663 4.226517 3.340376 0.000000 0.000000
 18.360001 5.106805 8.107956 4.219598 3.324723 0.000000 0.000000
 18.380001 5.111566 8.100871 4.213530 3.248923 0.000000 0.000000
 18.400001 5.118952 8.096208 4.209511 3.076978 0.000000 0.000000
 18.420001 5.125864 8.098072 4.203246 2.888233 0.000000 0.000000
 18.440001 5.137340 8.096837 4.198266 2.586585 0.000000 0.000000
 18.460001 5.140391 8.093620 4.193245 2.497617 0.000000 0.000000
 18.480001 5.142125 8.093839 4.190658 2.442941 0.000000 0.000000
 18.500001 5.141345 8.095484 4.196840 2.483916 0.000000 0.000000
 18.520001 5.145356 8.093165 4.200632 2.399329 0.000000 0.000000
 18.540001 5.139086 8.090568 4.207359 2.574388 0.000000 0.000000
 18.560001 5.139182 8.087438 4.214940 2.580462 0.000000 0.000000
 18.580001 5.129022 8.088355 4.221328 2.829835 0.000000 0.000000
 18.600001 5.128063 8.090271 4.231096 2.826696 0.000000 0.000000
 18.620001 5.128856 8.090759 4.238389 2.775585 0.000000 0.000000
 18.640001 5.124658 8.098661 4.249246 2.788625 0.000000 0.000000
 18.660001 5.123338 8.104090 4.258602 2.718998 0.000000 0.000000
 18.680001 5.123846 8.098958 4.258091 2.732202 0.000000 0.000000
 18.700001 5.119979 8.091682 4.250294 2.905335 0.000000 0.000000
 18.720001 5.112172 8.086623 4.244857 3.132968 0.000000 0.000000
 18.740001 5.115225 8.082575 4.236880 3.114711 0.000000 0.000000
 18.760001 5.122121 8.090284 4.228651 2.981812 0.000000 0.000000
 18.780001 5.136895 8.096615 4.224885 2.613880 0.000000 0.000000
 18.800001 5.146972 8.099218 4.222052 2.364911 0.000000 0.000000
 18.820001 5.149248 8.096712 4.215808 2.318928 0.000000 0.000000
 18.840001 5.151531 8.095737 4.213487 2.264632 0.000000 0.000000
 18.860001 5.142940 8.091254 4.212328 2.482439 0.000000 0.000000
 18.880001 5.134099 8.090417 4.214331 2.705734 0.000000 0.000000
 18.900001 5.127349 8.089052 4.219697 2.873578 0.000000 0.000000
 18.920001 5.118865 8.085434 4.215857 3.092488 0.000000 0.000000
 18.940001 5.111079 8.079465 4.221205 3.273304 0.000000 0.000000
 18.960001 5.109624 8.069367 4.219594 3.281950 0.000000 0.000000
 18.980001 5.105556 8.073205 4.219499 3.394094 0.000000 0.000000
 19.000001 5.108752 8.083961 4.207233 3.343625 0.000000 0.000000
 19.020001 5.118837 8.077680 4.211137 3.397047 0.000000 0.000000
 19.040001 5.125546 8.080615 4.202745 3.217670 0.000000 0.000000
 19.060001 5.131912 8.078472 4.202317 3.047413 0.000000 0.000000
 19.080001 5.137981 8.076284 4.198559 2.872734 0.000000 0.000000
 19.100001 5.144393 8.072178 4.201997 2.706798 0.000000 0.000000
 19.120001 5.146935 8.078600 4.205591 2.664336 0.000000 0.000000
 19.140001 5.154880 8.077456 4.205255 2.458337 0.000000 0.000000
 19.160001 5.146473 8.079211 4.193970 2.639510 0.000000 0.000000
 19.180001 5.150706 8.068132 4.197735 2.518129 0.000000 0.000000
 19.200001 5.147949 8.064791 4.197720 2.574524 0.000000 0.000000
 19.220001 5.149973 8.075485 4.199022 2.562447 0.000000 0.000000
 19.240001 5.142924 8.086106 4.199676 2.757803 0.000000 0.000000
 19.260001 5.152616 8.093191 4.201640 2.506780 0.000000 0.000000
 19.280001 5.149175 8.088777 4.198947 2.592164 0.000000 0.000000
 19.300001 5.140789 8.090655 4.192655 2.782955 0.000000 0.000000
 19.320001 5.121958 8.083107 4.183962 3.227728 0.000000 0.000000
 19.340001 5.108055 8.084545 4.180128 3.560066 0.000000 0.000000
 19.360001 5.106740 8.081898 4.183369 3.613240 0.000000 0.000000
 19.380001 5.105411 8.097988 4.167085 3.496210 0.000000 0.000000
 19.400001 5.107321 8.099712 4.158846 3.352540 0.000000 0.000000
 19.420001 5.103522 8.098136 4.151697 3.362336 0.000000 0.000000
 19.440001 5.098446 8.092184 4.145677 3.414316 0.000000 0.000000
 19.460001 5.084408 8.100454 4.134185 3.542439 0.000000 0.000000
 19.480001 5.082627 8.092265 4.124210 3.431173 0.000000 0.000000
 19.500001 5.077510 8.094744 4.121927 3.496830 0.000000 0.000000
 19.520001 5.081973 8.089852 4.127212 3.499359 0.000000 0.000000
 19.540001 5.077390 8.096940 4.125831 3.562942 0.000000 0.000000
 19.560001 5.065454 8.099729 4.124839 3.783750 0.000000 0.000000
 19.580001 5.057648 8.089013 4.128047 4.004816 0.000000 0.000000
 19.600001 5.060971 8.081332 4.133674 4.033187 0.000000 0.000000
 19.620001 5.054095 8.086671 4.130874 4.114938 0.000000 0.000000
 19.640001 5.065997 8.096500 4.139913 4.033950 0.000000 0.000000
 19.660001 5.073153 8.103445 4.143249 3.918934 0.000000 0.000000
 19.680001 5.075479 8.115238 4.150555 3.908901 0.000000 0.000000
 19.700001 5.079617 8.112313 4.148120 3.806274 0.000000 0.000000
 19.720001 5.078961 8.125939 4.139441 3.583818 0.000000 0.000000
 19.740001 5.084716 8.128044 4.137374 3.408590 0.000000 0.000000
 19.760001 5.094878 8.131596 4.147915 3.296150 0.000000 0.000000
 19.780001 5.092965 8.129698 4.141143 3.266261 0.000000 0.000000
 19.800001 5.096573 8.123341 4.133488 3.128929 0.000000 0.000000
 19.820001 5.098818 8.114639 4.135691 3.173584 0.000000 0.000000
 19.840001 5.104741 8.103662 4.138550 3.132380 0.000000 0.000000
 19.860001 5.108706 8.102132 4.131402 2.937335 0.000000 0.000000
 19.880001 5.110242 8.111863 4.127421 2.800768 0.000000 0.000000
 19.900001 5.109255 8.111963 4.124397 2.775905 0.000000 0.000000
 19.920001 5.124360 8.109507 4.128041 2.495136 0.000000 0.000000
 19.940001 5.127925 8.120515 4.126825 2.342103 0.000000 0.000000
 19.960001 5.128438 8.127370 4.132446 2.361088 0.000000 0.000000
